437 181 512
601 242 602
58 601 453
2 523 522
475 80 397
80 475 799
242 603 602
354 798 799
475 354 799
202 879 877
142 880 755
282 965 736
88 965 967
965 282 967
886 737 168
406 874 22
874 949 22
949 874 217
282 891 967
178 369 368
520 2 522
1057 437 4
437 1057 181
983 1058 4
1058 1057 4
1057 1058 180
180 1058 1075
1058 144 1075
144 1058 983
1057 1056 181
1056 1057 180
153 437 512
33 631 387
452 58 453
767 75 591
241 601 602
601 241 453
607 606 189
434 406 22
1049 1050 89
895 757 191
141 980 755
980 142 755
142 980 981
754 141 755
882 881 15
142 881 880
736 735 15
735 882 15
445 577 19
202 577 445
374 122 373
521 523 2
500 407 150
50 940 941
616 261 617
389 241 602
241 389 448
760 82 761
800 80 799
389 81 395
603 81 602
81 389 602
812 140 808
165 971 974
138 805 786
805 138 941
354 623 798
623 355 624
351 475 397
325 670 835
669 325 845
325 669 670
889 736 15
889 282 736
201 879 880
881 201 880
201 881 882
879 201 877
878 201 882
201 878 877
197 903 742
900 197 738
197 900 903
968 969 88
94 886 885
886 94 737
625 94 812
94 625 737
956 957 27
957 956 200
963 200 884
547 54 510
54 547 545
876 875 218
875 876 217
121 871 1012
1013 121 1012
120 559 560
1017 116 948
116 1016 443
1016 116 1017
525 521 2
659 658 63
726 876 218
727 730 295
874 873 217
875 873 120
873 875 217
352 1003 1001
891 284 967
517 178 368
520 509 294
509 556 294
509 54 556
54 509 510
437 438 4
153 438 437
992 390 211
740 738 21
390 740 21
968 286 888
184 589 595
184 456 592
589 184 592
597 246 595
631 230 387
600 601 58
601 600 242
459 600 58
187 452 453
586 585 171
82 769 761
767 766 75
434 152 406
192 1027 1026
531 668 321
837 238 942
238 837 533
335 692 691
1070 143 977
982 124 893
1070 124 1069
124 1022 1069
1022 124 982
893 124 977
124 1070 977
894 176 745
284 894 745
894 284 891
127 1022 1023
1022 127 1069
1053 895 191
144 1074 1075
1050 1074 144
288 984 983
984 144 983
984 1050 144
1050 984 89
98 661 663
661 98 579
334 867 530
334 757 759
664 758 174
758 337 759
337 758 664
879 83 880
880 83 755
83 754 755
733 202 877
733 577 202
199 878 882
199 735 962
735 199 882
878 199 884
963 199 962
199 963 884
518 1056 51
1056 518 181
369 103 368
415 293 522
509 293 510
293 520 522
293 509 520
293 413 510
413 293 415
101 413 415
413 101 412
940 131 941
131 805 941
805 131 806
577 578 19
616 844 261
837 17 835
17 837 942
130 625 812
130 812 808
806 130 808
625 167 737
793 763 210
787 207 792
795 933 46
931 79 792
207 931 792
240 389 395
240 760 761
760 240 395
389 240 448
583 240 761
240 583 448
800 801 243
620 622 210
790 793 210
622 790 210
793 790 79
205 787 792
787 205 786
81 396 395
465 81 603
244 465 603
396 465 243
465 396 81
464 800 243
800 464 80
465 464 243
464 465 244
811 140 812
811 94 885
94 811 812
904 165 974
138 938 941
938 50 941
938 138 624
355 938 624
476 623 354
623 476 355
836 325 835
17 836 835
668 672 321
670 324 835
668 324 670
531 324 668
324 531 533
324 837 835
837 324 533
326 616 371
326 669 845
844 326 845
326 844 616
890 142 981
890 889 15
881 890 15
890 881 142
982 123 981
123 982 893
123 890 981
890 123 889
896 979 141
979 980 141
980 84 981
84 982 981
84 1022 982
979 84 980
1022 84 1023
84 979 1023
886 163 885
163 972 885
743 197 742
743 750 214
285 969 968
285 968 888
285 887 975
887 285 888
970 285 975
285 970 969
735 281 962
965 281 736
281 735 736
204 775 734
204 1032 775
200 883 884
956 883 200
883 204 734
204 883 956
959 957 200
963 959 200
957 959 168
314 429 543
429 314 428
952 949 217
876 952 217
222 429 428
429 222 708
872 121 1020
121 872 871
1021 121 1013
121 1021 1020
732 726 218
561 120 560
875 561 218
561 875 120
871 215 560
215 561 560
872 215 871
215 872 729
16 1014 719
871 252 1012
252 1014 1012
252 871 560
559 252 560
1014 252 719
252 559 719
255 985 718
117 606 607
152 494 406
559 253 719
158 1046 948
156 1013 1017
156 1046 1048
1021 156 1048
156 1021 1013
156 1017 948
1046 156 948
1016 254 443
985 254 718
1014 251 1012
1013 251 1017
251 1013 1012
251 1016 1017
525 148 516
1021 146 1020
146 1021 1048
730 717 295
657 153 512
657 659 153
726 113 876
113 952 876
710 297 545
727 297 731
547 298 545
298 710 545
9 729 730
727 9 730
9 727 731
732 9 731
658 564 63
158 564 658
563 12 562
157 563 562
435 434 22
435 183 434
114 551 549
549 315 713
315 714 713
551 315 549
521 179 523
179 517 368
659 436 153
436 438 153
436 659 63
137 740 390
137 993 472
137 390 992
993 137 992
570 441 291
290 574 572
573 290 572
964 968 88
964 88 967
284 964 967
964 286 968
744 284 745
286 744 749
744 964 284
964 744 286
392 391 214
391 392 211
391 390 21
390 391 211
286 751 888
751 286 749
640 60 553
553 60 554
245 640 641
75 588 591
589 74 595
74 597 595
597 74 581
596 246 597
594 184 595
246 594 595
457 241 448
187 457 456
241 457 453
457 187 453
388 33 387
229 388 387
187 455 452
455 229 452
386 459 58
452 386 58
386 230 459
229 386 452
230 386 387
386 229 387
769 169 767
169 766 767
186 769 767
186 767 591
769 186 761
186 583 761
583 186 593
593 186 591
585 584 171
584 766 171
766 584 75
152 495 644
495 152 434
60 495 554
495 60 644
495 183 554
183 495 434
1029 177 1072
122 447 373
447 190 373
1027 48 1026
1024 192 1026
190 1024 1026
1024 447 1
447 1024 190
328 496 498
685 328 498
534 238 533
692 13 691
868 692 335
175 444 579
615 444 19
444 445 19
444 175 445
580 664 174
580 175 579
98 580 579
580 98 664
661 280 663
280 661 922
919 280 922
280 919 660
978 1049 89
978 143 1049
897 978 89
978 897 176
87 894 891
87 893 977
894 976 176
976 978 176
978 976 143
87 976 894
143 976 977
976 87 977
127 1077 1069
1077 127 1076
127 1054 1076
1054 127 1023
1027 1052 191
1052 1053 191
192 1052 1027
1051 1052 192
1028 1029 1
1029 1028 177
517 1030 178
1030 517 51
1030 1028 178
1028 1030 177
1073 180 1075
177 1073 1072
145 1050 1049
145 1074 1050
337 870 759
870 334 759
334 870 867
867 870 96
98 665 664
665 337 664
665 98 663
757 529 191
334 529 757
529 334 530
529 1027 191
48 529 530
529 48 1027
867 333 530
865 867 96
865 333 867
333 865 681
756 896 141
758 756 174
756 754 174
754 756 141
752 879 202
752 83 879
752 202 445
175 752 445
181 511 512
518 511 181
519 179 521
517 519 51
519 518 51
179 519 517
654 653 102
504 7 503
496 0 498
0 500 498
0 407 500
408 0 496
0 408 407
103 417 368
417 179 368
179 417 523
370 103 369
122 370 369
370 374 150
374 370 122
10 678 677
672 678 321
223 651 503
653 651 102
651 650 102
650 651 223
410 223 412
101 410 412
410 101 409
410 650 223
296 413 412
296 547 510
413 296 510
999 160 907
999 1000 159
803 131 940
160 803 940
939 160 940
939 940 50
939 195 907
160 939 907
161 774 773
578 774 161
32 999 907
999 32 1000
614 615 19
578 614 19
614 578 161
921 99 922
99 919 922
279 661 579
661 279 922
279 921 922
921 279 615
279 444 615
444 279 579
666 271 849
947 857 272
945 17 942
945 947 272
273 945 942
945 273 947
838 945 272
945 838 17
836 838 259
838 836 17
261 776 617
855 838 272
838 855 259
226 383 376
489 226 376
537 70 539
308 421 430
421 308 424
310 537 539
538 310 539
541 310 538
310 541 542
1000 997 159
1034 1035 95
1035 1034 166
130 802 625
802 167 625
1035 802 95
802 1035 167
167 955 737
737 955 168
957 955 27
955 957 168
768 769 82
763 768 82
169 768 764
768 169 769
805 34 786
34 787 786
34 806 808
34 805 806
139 933 795
932 207 809
932 809 46
933 932 46
932 933 208
932 931 207
931 932 208
930 793 79
931 930 79
934 930 208
930 931 208
173 800 799
173 801 800
798 173 799
801 173 796
797 173 798
173 797 796
760 762 82
762 763 82
763 762 210
762 620 210
239 760 395
396 239 395
239 762 760
762 239 620
205 789 786
789 205 788
138 789 624
789 138 786
205 791 788
790 791 79
79 791 792
791 205 792
623 78 798
78 797 798
78 623 624
789 78 624
797 78 788
78 789 788
41 801 796
622 41 796
620 41 622
80 463 397
464 463 80
463 464 244
811 810 140
140 810 809
809 810 46
45 900 902
45 904 903
900 45 903
903 198 742
198 887 742
904 198 903
887 198 975
975 198 974
198 904 974
846 836 259
325 846 845
836 846 325
892 123 893
123 892 889
87 892 893
892 87 891
892 891 282
889 892 282
1053 126 895
126 896 895
126 979 896
979 126 1023
126 1054 1023
1054 126 1053
961 886 168
961 163 886
959 961 168
568 743 214
568 391 21
391 568 214
743 568 197
738 568 21
197 568 738
887 85 742
85 743 742
85 887 888
751 85 888
743 85 750
85 751 750
972 23 971
23 975 974
971 23 974
23 970 975
163 973 972
973 23 972
23 973 970
1033 956 27
1033 204 956
204 1033 1032
1032 1033 166
733 92 734
92 883 734
92 733 877
878 92 877
92 878 884
883 92 884
311 363 703
702 311 703
365 381 317
314 381 428
222 711 708
711 709 111
711 222 709
255 466 607
466 117 607
985 986 118
986 988 118
988 986 189
255 986 985
986 607 189
986 255 607
117 582 606
494 216 406
216 874 406
216 873 874
720 16 719
253 720 719
720 492 250
492 720 253
116 566 948
566 158 948
564 566 157
566 564 158
1015 254 1016
1015 251 1014
251 1015 1016
16 1015 1014
1015 16 718
254 1015 718
987 985 118
987 254 985
254 987 443
524 148 525
524 525 2
524 520 294
520 524 2
1047 146 1048
146 1047 1018
147 872 1020
872 147 729
729 147 730
147 717 730
1019 146 1018
147 1019 717
146 1019 1020
1019 147 1020
513 524 294
148 513 514
524 513 148
52 657 512
511 52 512
52 511 516
659 154 658
657 154 659
220 379 724
379 320 724
320 379 365
113 725 724
725 220 724
725 113 726
709 723 111
220 723 709
725 723 220
54 557 556
556 557 295
557 54 545
297 557 545
557 727 295
557 297 727
215 728 561
561 728 218
728 732 218
728 9 732
728 215 729
9 728 729
469 467 291
988 990 118
906 469 12
996 906 135
548 365 317
548 114 953
320 548 953
548 320 365
949 950 22
950 435 22
950 316 435
316 549 713
315 433 714
551 550 318
550 551 114
550 548 317
548 550 114
631 818 236
818 631 33
232 553 554
463 227 397
741 137 472
137 741 740
740 133 738
133 739 902
900 133 902
133 900 738
741 133 740
133 741 739
746 747 86
392 746 86
746 392 214
750 746 214
441 442 291
442 469 291
469 442 12
12 442 562
440 436 63
90 441 570
90 570 572
574 90 572
569 897 290
573 569 290
176 569 745
897 569 176
898 984 288
574 898 288
984 898 89
898 897 89
898 574 290
897 898 290
570 292 572
292 573 572
744 11 749
11 744 745
569 11 745
11 569 573
60 647 644
247 647 646
647 247 644
647 60 640
647 245 646
245 647 640
594 643 57
643 594 246
643 641 57
643 245 641
588 185 591
593 185 592
185 593 591
185 589 592
491 67 489
230 460 459
825 59 823
35 583 593
583 35 448
35 457 448
456 35 592
35 593 592
457 35 456
231 640 553
640 231 641
454 594 57
455 454 57
184 454 456
594 454 184
454 187 456
454 455 187
641 451 57
451 455 57
231 451 641
451 231 388
451 388 229
455 451 229
766 765 171
169 765 766
765 169 764
188 582 581
582 188 606
394 170 393
606 605 189
188 605 606
605 188 394
172 584 585
771 988 189
605 771 189
770 136 994
136 993 994
993 136 472
1029 1025 1
1025 1024 1
1024 1025 192
1025 1051 192
447 446 1
446 1028 1
1028 446 178
178 446 369
446 122 369
446 447 122
526 190 1026
48 526 1026
499 500 150
374 499 150
500 331 498
331 497 689
331 685 498
331 689 685
499 331 500
331 499 497
676 10 675
655 654 102
688 328 685
688 655 328
97 864 943
864 335 691
944 97 943
238 944 942
273 944 943
944 273 942
662 13 692
280 662 663
13 662 660
662 280 660
868 338 692
338 662 692
338 665 663
662 338 663
1054 47 1076
47 1054 1053
1052 47 1053
47 1052 1051
1076 47 1078
47 1051 1078
1056 1055 51
1055 1056 180
1055 1030 51
1030 1055 177
1073 1055 180
1055 1073 177
1071 145 1049
143 1071 1049
1071 143 1070
145 1081 1074
679 333 681
680 682 257
682 861 257
866 865 96
868 866 96
866 868 335
896 8 895
8 757 895
756 8 896
757 8 759
8 758 759
8 756 758
83 753 754
754 753 174
753 752 175
752 753 83
753 580 174
580 753 175
182 511 518
519 182 518
182 525 516
511 182 516
525 182 521
182 519 521
303 504 503
651 303 503
303 651 653
416 417 103
370 362 103
362 416 103
407 362 150
362 370 150
650 652 102
652 655 102
328 652 496
655 652 328
408 224 409
224 410 409
224 408 496
410 224 650
652 224 496
224 652 650
411 296 412
411 223 503
223 411 412
7 411 503
546 298 547
296 546 547
546 411 7
411 546 296
998 1034 95
803 998 95
1034 998 159
998 999 159
999 998 160
998 803 160
91 774 775
1032 91 775
774 91 773
91 997 773
733 203 577
203 578 577
203 774 578
203 733 734
775 203 734
774 203 775
815 814 195
814 909 195
32 909 910
195 909 907
909 32 907
909 268 910
268 909 814
479 353 816
476 478 355
106 1004 1060
1003 106 1001
1004 106 1003
108 815 816
815 108 814
32 908 1000
908 32 910
864 274 943
274 864 691
919 277 660
276 921 615
614 276 615
927 928 193
100 857 947
271 860 849
857 860 271
100 860 857
844 847 261
915 29 916
29 915 839
913 914 69
30 383 384
383 30 376
30 375 376
377 30 384
10 673 675
673 301 505
673 10 677
301 673 677
544 314 543
363 115 703
115 704 703
115 544 704
383 225 384
488 487 66
311 485 483
485 311 702
382 403 66
487 382 66
382 226 403
226 382 383
382 225 383
225 382 487
70 420 507
420 70 537
420 309 425
309 420 537
72 421 424
699 308 430
616 20 371
20 616 617
20 538 371
541 20 617
20 541 538
306 541 617
776 306 617
541 306 542
540 309 537
310 540 537
309 540 424
540 72 424
540 310 542
72 540 542
997 1031 159
1031 1034 159
1034 1031 166
91 1031 997
1031 1032 166
1031 91 1032
1036 1035 166
1036 1033 27
1033 1036 166
1035 1036 167
955 1036 27
1036 955 167
804 803 95
802 804 95
131 804 806
803 804 131
804 130 806
804 802 130
787 807 207
34 807 787
207 807 809
807 140 809
140 807 808
807 34 808
933 935 208
139 935 933
935 934 208
604 935 139
209 934 764
768 209 764
209 930 934
209 768 763
209 763 793
930 209 793
206 790 622
206 791 790
206 622 796
791 206 788
797 206 796
206 797 788
801 621 243
41 621 801
621 396 243
621 239 396
239 621 620
621 41 620
164 972 971
164 810 811
972 164 885
164 811 885
45 899 904
899 139 795
165 899 795
904 899 165
538 322 371
322 538 539
508 70 507
508 301 677
301 508 507
669 55 670
55 671 672
55 668 670
55 672 668
281 958 962
961 960 163
960 973 163
970 283 969
973 283 970
960 283 973
283 960 958
951 320 953
113 951 952
951 113 724
320 951 724
385 311 483
363 385 318
311 385 363
705 546 7
546 705 298
466 637 117
637 466 250
873 558 120
558 559 120
558 253 559
216 558 873
720 721 16
16 721 718
721 255 718
721 466 255
466 721 250
721 720 250
567 563 157
566 567 157
567 116 443
567 566 116
989 987 118
990 989 118
989 990 135
1046 5 1048
5 1047 1048
1018 149 514
1047 149 1018
53 1019 1018
1019 53 717
53 1018 514
513 53 514
427 222 428
222 427 709
427 220 709
427 379 220
722 710 111
723 722 111
297 722 731
722 297 710
467 468 86
392 468 211
468 392 86
993 77 994
77 993 992
990 991 135
991 996 135
77 991 994
991 77 996
114 954 953
954 114 549
316 954 549
954 316 950
818 822 236
822 818 237
826 823 236
822 826 236
826 822 62
433 235 714
235 820 714
819 820 237
183 716 554
716 232 554
716 819 232
232 552 553
552 231 553
231 552 388
388 552 33
1004 266 782
266 1004 1003
367 42 398
462 463 244
462 227 463
739 76 586
741 76 739
76 585 586
76 741 472
751 213 750
213 746 750
746 213 747
213 751 749
442 287 562
287 442 441
564 565 63
565 440 63
565 157 562
565 564 157
287 565 562
565 287 440
436 289 438
440 289 436
748 292 747
748 213 749
213 748 747
11 748 749
292 748 573
748 11 573
571 292 570
292 571 747
571 570 291
467 571 291
747 571 86
571 467 86
596 642 246
642 643 246
245 642 646
643 642 245
618 343 781
375 341 376
341 489 376
341 491 489
59 630 823
460 630 59
630 631 236
823 630 236
630 230 631
630 460 230
449 188 581
188 449 394
449 170 394
74 449 581
584 450 75
450 588 75
450 170 588
172 450 584
170 450 393
450 172 393
771 134 988
134 771 770
134 990 988
134 991 990
134 770 994
991 134 994
771 24 770
24 605 394
24 394 393
24 771 605
470 136 770
24 470 770
172 470 393
470 24 393
128 1029 1072
128 1025 1029
1025 128 1051
1051 128 1078
190 418 373
526 418 190
333 527 530
527 48 530
527 526 48
679 527 333
676 674 10
678 674 321
674 678 10
654 329 675
329 676 675
676 329 687
655 329 654
329 688 687
688 329 655
680 330 684
330 690 684
690 330 686
327 676 687
686 327 687
327 674 676
534 863 238
863 944 238
863 534 257
861 863 257
944 863 97
863 861 97
869 870 337
665 869 337
338 869 665
870 869 96
869 868 96
869 338 868
128 1079 1078
1079 128 1072
1074 44 1075
1081 44 1074
44 1073 1075
1073 44 1072
44 1079 1072
1079 44 1081
1071 1080 145
1080 1081 145
6 680 684
6 679 681
682 6 681
6 682 680
683 6 684
6 683 679
866 336 865
336 682 681
865 336 681
682 336 861
504 706 7
706 705 7
429 112 543
112 429 708
698 18 701
416 125 417
125 415 522
523 125 522
417 125 523
936 815 195
939 936 195
936 939 50
267 908 910
608 477 351
351 477 475
477 354 475
477 476 354
609 608 352
609 352 1001
353 609 1001
609 353 479
29 841 916
106 1002 1001
1002 353 1001
1061 1060 359
1061 106 1060
1002 1061 357
1061 1002 106
108 813 814
813 268 814
917 108 816
353 917 816
917 1002 357
1002 917 353
908 162 1000
997 162 773
162 997 1000
946 273 943
274 946 943
273 946 947
946 100 947
946 274 858
100 946 858
13 528 691
528 274 691
274 528 858
528 277 858
528 13 660
277 528 660
920 99 921
276 920 921
25 666 849
666 854 271
927 196 929
196 854 666
110 927 929
1040 110 929
110 1040 1067
927 110 928
277 859 858
859 100 858
859 860 100
64 847 844
64 844 845
846 64 845
915 260 839
339 914 916
841 339 916
107 1037 1038
1037 343 1038
913 340 914
340 915 916
914 340 916
340 913 911
307 377 384
421 307 430
673 304 675
304 673 505
304 654 675
654 304 653
313 544 543
544 313 704
704 313 701
313 698 701
364 115 363
364 363 318
550 364 318
364 550 317
488 233 487
485 233 483
626 62 482
233 484 483
484 233 488
226 490 403
635 490 67
67 490 489
490 226 489
73 485 702
73 699 430
699 73 702
426 18 425
308 426 424
309 426 425
426 309 424
312 699 702
312 702 703
704 312 703
312 704 701
422 72 542
306 422 542
739 132 902
132 739 586
587 586 171
765 587 171
587 132 586
132 587 604
794 165 795
794 795 46
810 794 46
164 794 810
165 794 971
794 164 971
901 45 902
901 899 45
132 901 902
901 132 604
901 604 139
899 901 139
671 323 672
323 678 672
678 323 677
323 508 677
508 372 70
70 372 539
372 322 539
323 372 508
322 372 671
372 323 671
667 55 669
667 326 371
326 667 669
55 667 671
322 667 371
667 322 671
958 93 962
93 963 962
93 959 963
960 93 958
93 961 959
93 960 961
969 966 88
966 965 88
966 281 965
283 966 969
966 958 281
966 283 958
432 433 315
432 315 551
432 551 318
385 432 318
639 582 117
637 639 117
638 639 249
639 637 249
582 248 581
248 638 596
248 597 581
248 596 597
639 248 582
248 639 638
648 247 646
648 638 249
493 492 253
558 493 253
119 493 494
493 119 492
493 216 494
493 558 216
645 119 494
645 494 152
645 152 644
247 645 644
119 636 492
492 636 250
636 637 250
637 636 249
989 155 987
987 155 443
155 567 443
567 155 563
154 1045 658
1045 158 658
158 1045 1046
1045 5 1046
52 656 657
656 154 657
148 515 516
515 52 516
515 148 514
149 515 514
515 656 52
656 515 149
53 555 717
555 53 513
555 556 295
717 555 295
556 555 294
555 513 294
14 381 365
381 14 428
379 14 365
14 427 428
427 14 379
219 725 726
219 723 725
219 722 723
732 219 726
219 732 731
722 219 731
212 468 467
906 212 469
212 467 469
996 212 906
77 995 996
995 212 996
995 992 211
995 77 992
468 995 211
212 995 468
951 319 952
319 951 953
954 319 953
952 319 949
319 950 949
319 954 950
62 821 482
822 821 62
821 235 482
235 821 820
820 821 237
821 822 237
264 825 823
826 264 823
817 819 237
819 817 232
817 818 33
818 817 237
552 817 33
817 552 232
820 61 714
714 61 713
819 61 820
716 61 819
611 1003 352
611 266 1003
266 611 367
611 42 367
366 351 397
227 366 397
599 603 242
599 244 603
599 462 244
576 983 4
576 288 983
438 576 4
289 576 438
575 90 574
575 574 288
576 575 288
575 576 289
474 341 375
474 913 69
590 74 589
590 449 74
185 590 589
590 185 588
170 590 588
449 590 170
471 172 585
471 470 172
471 76 472
76 471 585
136 471 472
470 471 136
418 104 373
104 374 373
104 499 374
499 104 497
105 690 686
105 686 687
689 105 685
690 105 689
105 688 685
688 105 687
534 535 257
535 680 257
535 330 680
532 531 321
674 532 321
327 532 674
1077 3 1069
3 1070 1069
3 1071 1070
1080 3 1077
3 1080 1071
129 1080 1077
1079 129 1078
129 1076 1078
129 1077 1076
129 1079 1081
1080 129 1081
690 332 684
332 683 684
497 332 689
332 690 689
256 527 679
683 256 679
527 256 526
256 418 526
336 862 861
861 862 97
862 866 335
862 336 866
864 862 335
862 864 97
299 706 504
711 221 708
706 221 705
112 696 543
696 112 695
696 313 543
313 696 698
18 697 425
698 697 18
414 125 416
101 414 409
414 101 415
125 414 415
478 937 355
937 938 355
938 937 50
937 936 50
478 39 479
39 609 479
609 39 608
39 478 476
477 39 476
39 477 608
1066 1065 359
1064 110 1067
110 1064 928
842 841 29
928 842 193
1062 1005 357
1061 1062 357
1062 1061 359
1065 1062 359
917 918 108
918 813 108
1005 918 357
918 917 357
918 1005 361
813 918 361
612 161 773
162 612 773
1041 269 1007
269 1040 929
1040 269 1041
1042 360 1041
360 1040 1041
360 1068 1067
1040 360 1067
360 1043 1068
1043 360 1042
1005 1043 361
1043 1042 361
109 1041 1007
109 1042 1041
850 25 849
25 850 1010
1011 25 1010
269 1011 1007
856 855 272
856 65 855
854 856 271
856 854 65
857 856 272
856 857 271
840 29 839
840 853 193
842 840 193
840 842 29
843 846 259
843 64 846
65 851 855
853 851 65
855 851 259
851 843 259
854 852 65
852 853 65
853 852 193
196 852 854
852 927 193
852 196 927
923 859 277
99 923 919
923 277 919
912 260 915
912 340 911
340 912 915
618 619 343
914 619 69
619 618 69
339 619 914
343 619 1038
619 339 1038
1060 1059 359
1059 1037 107
1059 1066 359
1066 1059 107
1037 783 343
37 783 782
343 783 781
783 37 781
225 431 384
431 307 384
307 431 430
431 73 430
71 501 505
501 304 505
501 303 653
304 501 653
364 380 115
115 380 544
381 380 317
380 364 317
380 381 314
544 380 314
486 225 487
233 486 487
73 486 485
486 233 485
486 431 225
431 486 73
234 626 482
234 484 488
484 26 483
26 385 483
432 26 433
26 432 385
235 402 482
402 234 482
234 402 484
402 26 484
402 235 433
26 402 433
699 700 308
312 700 699
700 426 308
426 700 18
18 700 701
700 312 701
423 307 421
307 423 377
72 423 421
422 423 72
423 305 377
305 423 422
31 935 604
31 587 765
587 31 604
934 31 764
31 765 764
935 31 934
638 28 596
28 642 596
642 28 646
28 648 646
648 28 638
649 636 119
645 649 119
649 648 249
636 649 249
648 649 247
649 645 247
905 989 135
905 155 989
905 906 12
906 905 135
563 905 12
155 905 563
1044 656 149
5 1044 1047
1044 149 1047
656 1044 154
1044 1045 154
1045 1044 5
626 828 62
828 826 62
828 264 826
715 716 183
715 316 713
61 715 713
715 61 716
435 715 183
316 715 435
266 780 782
780 37 782
780 266 367
37 780 831
834 635 67
635 834 346
346 830 633
834 830 346
830 834 345
345 832 831
37 832 781
832 37 831
830 43 633
611 610 42
610 611 352
366 610 351
610 366 42
608 610 352
610 608 351
366 399 42
42 399 398
399 366 227
600 598 242
598 599 242
90 439 441
439 287 441
575 439 90
439 575 289
287 439 440
439 289 440
913 342 911
342 474 375
474 342 913
618 473 69
473 474 69
474 473 341
341 473 491
104 419 497
419 104 418
419 332 497
332 419 683
256 419 418
419 256 683
56 534 533
531 56 533
56 535 534
532 56 531
712 221 711
221 712 705
710 712 111
712 711 111
298 712 710
705 712 298
221 707 708
707 221 706
707 112 708
112 707 695
707 299 695
299 707 706
697 300 425
300 420 425
420 300 507
302 697 698
302 696 695
696 302 698
151 408 409
414 151 409
408 151 407
151 414 416
151 362 407
362 151 416
356 478 479
356 937 478
937 356 936
936 356 815
356 479 816
815 356 816
784 920 276
1064 194 928
194 842 928
842 194 841
358 1065 1066
1065 358 1068
1068 358 1067
358 1064 1067
1008 772 267
772 612 162
267 772 908
772 162 908
36 1065 1068
36 1062 1065
1062 36 1005
1043 36 1068
36 1043 1005
1006 109 1007
1006 1008 267
270 1011 1010
1006 270 1008
1011 270 1007
270 1006 1007
1011 785 25
25 785 666
785 196 666
196 785 929
785 269 929
785 1011 269
258 840 839
840 258 853
258 851 853
851 258 843
260 848 839
848 260 847
848 258 839
258 848 843
64 848 847
843 848 64
920 924 99
924 923 99
779 776 261
912 779 260
847 779 261
260 779 847
68 912 911
779 68 776
68 779 912
1004 265 1060
265 1059 1060
1059 265 1037
265 1004 782
783 265 782
265 783 1037
501 502 303
502 501 71
303 502 504
502 299 504
234 627 626
627 488 66
627 234 488
490 262 403
262 490 635
347 780 367
780 347 831
347 367 398
405 347 398
491 833 67
833 834 67
834 833 345
833 832 345
344 618 781
832 344 781
344 473 618
473 344 491
344 833 491
833 344 832
43 829 405
829 43 830
347 829 831
829 347 405
829 345 831
829 830 345
599 40 462
598 40 599
458 40 598
342 777 911
777 68 911
536 532 327
535 536 330
56 536 535
536 56 532
330 536 686
536 327 686
506 301 507
300 506 507
506 71 505
301 506 505
612 613 161
613 784 276
613 614 161
613 276 614
1039 107 1038
194 1039 841
339 1039 1038
1039 339 841
1006 926 109
268 926 910
926 267 910
926 1006 267
270 1009 1008
1009 270 1010
859 278 860
923 278 859
924 278 923
278 850 849
860 278 849
278 924 850
693 502 71
502 693 299
299 693 695
693 302 695
628 627 66
403 628 66
262 628 403
628 262 629
627 263 626
263 828 626
263 628 629
628 263 627
262 634 629
634 38 629
634 262 635
634 635 346
632 346 633
350 632 633
632 634 346
634 632 38
824 350 825
264 824 825
824 632 350
632 824 38
461 460 59
460 228 459
228 600 459
461 228 460
228 461 458
228 598 600
228 458 598
348 405 398
399 348 398
305 378 377
777 378 305
378 777 342
378 30 377
30 378 375
378 342 375
778 777 305
778 422 306
778 305 422
777 778 68
778 306 776
68 778 776
1039 1063 107
1063 1066 107
1063 358 1066
1063 1039 194
1063 194 1064
358 1063 1064
925 926 268
925 813 361
813 925 268
926 925 109
1042 925 361
109 925 1042
850 275 1010
275 1009 1010
1009 275 784
784 275 920
275 924 920
924 275 850
772 49 612
613 49 784
49 772 1008
49 613 612
1009 49 1008
49 1009 784
694 506 300
506 694 71
694 693 71
693 694 302
694 300 697
302 694 697
263 827 828
828 827 264
38 827 629
827 263 629
827 824 264
824 827 38
480 461 59
825 480 59
350 480 825
400 399 227
400 348 399
462 400 227
40 400 462
481 480 350
481 350 633
43 481 633
404 43 405
404 481 43
348 404 405
401 404 348
401 40 458
401 400 40
400 401 348
461 349 458
349 401 458
401 349 404
481 349 480
480 349 461
404 349 481
