-104.051003 0.057502 -39.792372
-99.319752 -25.902952 -1.176618
-99.105640 26.209713 -1.806591
-72.732291 -44.577706 39.361529
-81.700128 1.050265 44.684109
-72.685398 45.384159 38.273840
-86.803307 -49.484704 -50.648262
-86.739718 48.074673 -51.768164
-62.474274 -70.623863 -3.695671
-62.781473 70.139285 -5.324283
-69.990418 -0.455950 -83.482915
-39.162943 -26.510778 78.273901
-38.732333 28.403545 76.704853
-33.561991 -79.481531 -45.156253
-33.963507 78.355374 -47.421304
-23.272395 -71.385742 44.708788
-23.135701 71.283632 42.738451
-24.193756 -48.993668 -84.518359
-24.259932 46.963121 -85.841957
1.755852 -84.110839 -8.840908
-4.544814 -0.487363 -86.155544
9.239035 1.474360 80.771235
1.756406 83.470714 -10.810888
23.974571 -39.403131 64.727759
24.422594 41.775905 65.272362
28.183129 -77.198347 -58.046557
29.045350 77.390397 -61.466608
33.249252 -70.658260 29.650370
33.291022 70.706352 28.038382
44.790398 -30.143317 -89.471255
44.966726 28.463680 -90.487474
59.614800 1.243889 61.159211
61.551185 -67.685655 -13.971955
62.376647 67.619154 -15.630658
73.327313 -39.784763 31.646892
73.709738 40.775277 30.919379
79.736189 -48.877130 -54.582693
95.753068 -0.232426 -64.465532
79.811847 47.470109 -55.758712
98.835741 -25.760917 -17.543599
99.342830 25.878836 -18.191192
92.895515 0.789338 22.480097
101.680695 0.136629 -33.059808
94.441579 26.770118 -47.017044
-86.529997 -24.679692 29.539932
31.347697 -12.171149 73.444020
55.908124 -27.840984 56.953149
-82.192782 -49.156780 14.240494
-88.416752 -51.616194 -17.596634
31.237063 -77.862243 -26.052446
83.406069 -47.663222 1.168182
-96.435660 0.701987 15.047642
-86.980905 25.914313 29.145064
-82.810165 49.653844 13.251831
-87.373483 50.368891 -18.699464
-29.623829 -15.051714 -85.663892
-69.605484 -38.352793 -82.637155
57.836341 62.902731 16.646146
84.289871 48.044774 0.156560
85.659403 50.002823 -31.858157
34.206292 77.779143 2.831313
31.992562 78.291695 -28.326780
61.970947 66.413107 -45.612633
-69.402177 27.195654 55.762386
4.532987 -23.710931 -87.173486
18.780927 -59.789124 -87.048619
62.633181 59.708046 -78.868171
79.492451 28.626631 -73.738352
25.139418 -0.530818 -89.856333
69.734908 -0.540559 -90.682029
-29.617946 13.722165 -85.994215
-69.633660 36.525863 -83.543993
4.561495 22.374321 -88.580517
18.959603 57.908002 -89.250964
45.454988 54.539537 43.155603
56.046312 29.577357 56.447574
31.708623 14.781897 74.144576
-0.180639 23.908047 79.819202
93.677317 -21.510407 14.489044
80.439328 -12.516879 40.213161
101.558409 0.499589 -2.176090
93.460846 22.293837 13.917555
79.933981 14.085608 39.579278
-30.102531 -81.887027 11.947842
-57.568914 -64.775101 29.691728
-0.162346 -21.342572 79.520823
-21.779712 1.524802 85.061027
-50.412169 -50.784105 57.551637
-12.486031 -49.500748 68.672497
-70.194602 -25.775933 57.118989
-58.716026 1.374701 72.290247
34.141983 -78.448535 4.642973
6.614583 -79.626561 23.726831
14.175734 -63.685728 48.426171
45.017827 -53.275619 43.886055
57.517196 -62.661696 17.967513
-61.956149 -70.901424 -34.060851
-53.708257 -69.242325 -65.958068
-32.701515 -82.078038 -20.472718
-2.911901 -82.902891 -37.594966
-12.773095 -79.151829 -68.619369
-101.130748 23.850770 -31.216629
-98.914208 16.361333 -62.306766
-105.030158 0.346603 -15.192725
-102.315602 -24.411478 -30.892230
-98.956256 -17.198557 -61.932328
94.598879 -27.545244 -46.440592
79.273986 -29.952479 -72.870545
84.650836 -50.335305 -30.421321
60.470186 -66.394148 -43.179808
61.539329 -60.893688 -76.222634
-62.356794 69.805861 -35.870271
-54.573876 68.056732 -68.463160
-33.468447 82.361936 -22.658540
-2.975530 82.125585 -39.940567
-13.032687 77.979677 -71.535759
-49.792623 51.274865 55.559174
14.257792 64.675765 47.298802
-12.391471 50.559818 66.981916
6.602644 79.032323 21.784287
-30.000952 80.895612 9.968309
-57.860964 65.197655 28.355085
-104.803099 -16.968598 -15.571691
-44.825714 -63.727059 45.076485
-61.570874 -54.387348 43.090203
-103.983136 17.090360 -15.926210
-68.686485 -62.477180 13.797263
-71.988934 -53.542895 28.276302
-90.335665 -33.479508 14.637198
-81.364473 -39.634222 28.071108
59.492666 -52.653857 31.835879
72.516933 -50.834410 17.500836
41.737375 1.361617 71.177455
24.606769 1.438756 77.741099
4.477759 39.374304 72.116326
-17.334022 35.230267 76.974500
19.232629 27.264742 74.422709
14.040005 13.507180 79.603664
85.279117 -37.112311 16.481279
50.222894 -13.269679 65.820320
58.917856 -40.892221 44.952975
-51.009023 -73.723425 13.040087
-38.137052 -74.700291 29.780122
-66.103403 -41.211427 52.640985
-80.770114 -16.527793 44.283227
-77.613850 -31.969893 42.402811
-72.459137 54.237352 27.248602
-69.511100 62.993294 12.592193
-90.925660 34.233509 13.996246
-82.013308 40.641939 27.420711
-105.413165 -8.007240 -28.609643
-105.361482 8.176138 -28.788291
14.454104 81.375951 4.795020
-80.846084 18.195301 43.925087
-77.415432 33.109350 41.508132
-34.622567 44.837165 68.773282
-61.432754 54.944158 41.691338
-54.495889 36.632940 64.770556
-65.375210 41.988755 50.997872
52.308949 -71.203791 3.288204
68.796762 -60.545338 2.069731
22.404859 -80.336752 -10.917495
43.065426 -76.222938 -12.676267
28.313781 -52.889123 53.459764
42.390065 -40.938742 56.429134
37.753482 -26.985963 66.478592
42.723514 -72.245748 18.103429
45.898444 -62.904912 31.071253
31.257003 -63.057864 41.180741
66.563476 15.245499 53.640934
42.872032 42.757292 56.225514
50.253032 15.511791 65.529063
38.314489 29.334819 67.002148
97.498038 -6.828697 12.004998
-42.519077 -79.404413 -4.836489
-20.640113 -84.758144 -6.582532
-55.131828 -35.347658 66.464844
-94.980522 -16.606921 14.881128
-102.768678 -8.389149 -0.705754
-102.391192 9.168400 -0.946858
-89.201092 -7.684036 30.107329
-89.404430 9.247391 29.997276
-95.378547 17.644375 14.579692
22.889365 80.955693 -12.860852
60.071936 53.641393 30.999572
59.236883 42.181694 44.281374
71.233997 28.603125 43.307459
73.313148 51.574712 16.598001
28.687035 54.595109 53.078701
9.409355 53.232025 61.072173
-99.146716 -34.727992 -16.387284
-79.652005 -58.536064 -2.765817
-91.967712 -42.926437 -1.927280
44.012747 -52.700192 -88.818029
69.411902 -44.782353 -88.364331
77.676434 -56.237141 -15.048516
38.962064 -72.449864 -79.230507
13.883319 -10.743496 78.739522
18.895929 -24.621448 73.397601
-0.387427 -73.664618 40.392086
18.444497 -72.806389 34.945067
-15.913163 -80.378116 27.950092
-7.199203 -84.124196 9.326614
14.329338 -81.422824 6.552902
25.215585 -77.653875 19.874376
84.196120 -25.148794 29.698003
90.180406 -11.190640 26.278521
71.327670 -27.264457 44.036936
66.962322 -13.372449 54.369141
74.538330 1.088069 47.900383
85.293375 0.931510 34.578191
-3.986399 9.090556 82.916736
-20.380914 18.349182 82.476227
-20.316311 -15.736169 82.606446
-3.916809 -6.201851 81.983355
-51.432265 73.801179 11.483313
-7.165178 82.963355 7.294611
-20.640543 83.525668 -8.560887
-42.832402 78.894541 -6.668656
-53.539406 75.086162 -21.179899
-43.576039 77.519342 -35.319237
-69.197728 63.045029 -52.052196
-50.820434 73.023302 -50.336998
-97.419150 29.886595 -48.401835
-102.019055 13.488201 -43.941210
43.598025 49.861594 -89.238455
69.303517 42.589511 -89.266133
102.234495 8.889770 -18.561461
91.418637 41.970967 -17.332801
69.616244 60.845549 0.780626
78.819703 56.347745 -16.459662
52.497543 70.796326 1.664822
43.536614 75.908662 -14.507296
40.330496 72.411938 -83.527243
52.236926 69.425972 -62.213498
41.839787 75.459487 -45.040153
71.417933 62.631063 -31.120065
52.784244 72.067459 -29.836710
-52.249135 -56.217920 -82.932133
89.802117 12.505618 25.845562
83.996804 26.183456 29.000355
85.745105 37.810825 15.745601
94.311407 32.674274 -1.019718
97.415687 7.967124 11.812897
99.804579 16.435882 -1.839954
42.626307 71.722179 16.344214
46.207828 63.528480 29.867376
25.220756 77.222847 18.058639
31.453249 63.891271 40.022218
18.496805 73.061377 33.370157
-0.381697 73.564092 38.507256
-44.827957 64.217248 43.575400
-38.075974 74.445029 27.968104
-15.599178 78.644894 25.428519
-29.240250 59.317995 57.051120
-6.925584 63.845150 54.047409
-94.452020 -42.482938 -32.943027
-74.069122 -55.196459 -68.967259
21.919015 -36.510467 -87.136313
-0.251981 -42.897097 -86.042600
24.111349 -17.756269 -88.792342
8.085903 -8.101267 -87.359565
74.133310 44.632283 -68.741186
68.360561 57.833020 -59.175178
77.934825 56.098476 -45.146354
88.775552 -19.121704 -60.191401
98.760131 -9.392881 -47.923476
51.716591 -71.977627 -27.742433
69.660040 -62.255791 -29.135680
50.788714 -69.518789 -59.101271
40.651768 -75.053376 -42.254425
12.583450 -77.158655 -75.090899
-6.770654 -66.888461 -85.181191
-33.524105 -72.649169 -80.146067
-33.770800 -77.141693 -60.111546
18.918849 -79.464874 -39.916910
10.353521 -81.808555 -24.000748
-16.517359 -81.667265 -50.206791
4.510604 -80.333682 -54.282549
-11.397170 -84.754364 -22.334559
-23.292123 -82.826580 -34.573122
-6.958965 -63.338911 55.787554
-29.458332 -58.800232 58.915094
9.343618 -51.598075 61.685552
-35.116897 -43.854533 70.889499
4.450045 -37.192115 72.167962
-17.387809 -33.314305 78.026303
-57.301898 19.511696 70.156190
-72.040502 -7.836038 59.187382
-71.586082 9.991455 58.553426
-58.130020 -17.515940 71.715813
-40.914128 10.644360 80.517525
-41.170428 -7.981899 81.279559
-97.537157 33.972138 -17.085379
-91.627278 42.690373 -2.960323
-79.770024 58.126567 -4.126202
-93.337709 41.214766 -33.655230
-72.229260 64.478868 -19.878683
-80.194287 57.129389 -35.306737
-75.695707 54.384215 -71.535447
-40.003049 31.635524 -85.314103
-54.553558 15.969097 -83.954871
-52.635733 54.307114 -84.760664
-90.956128 35.926572 -69.076655
-86.771347 18.559977 -82.275529
23.843852 16.096746 -88.238023
8.153333 6.979887 -88.391758
22.148734 35.005877 -88.870468
-0.259804 41.054673 -87.393500
-16.366121 27.476885 -88.215267
-9.638721 11.612759 -86.879748
13.016530 77.543122 -79.597464
-6.785017 64.394502 -86.868812
-34.186564 71.310054 -83.166159
-33.999240 75.335025 -62.236690
19.299773 79.296207 -42.470592
10.515031 81.741775 -26.207122
-16.674242 80.184205 -52.471482
4.568933 79.737034 -57.120392
-11.420956 83.323860 -24.341601
-23.805191 82.628003 -37.037269
-56.024157 -17.765360 -85.476331
-21.355290 -0.502854 -87.474254
-41.724090 -0.471221 -84.782485
-39.734552 -33.177876 -84.064583
-16.164438 -28.877663 -86.699360
-9.621173 -12.881862 -86.432926
-86.764247 -19.919601 -81.823674
-101.409237 -0.114851 -54.458925
-98.329083 -0.359953 -75.328231
-90.738537 -37.320108 -68.077645
-102.639486 -13.893961 -43.821166
-97.844640 -30.859397 -47.854266
-80.634895 -58.655298 -34.077722
-72.439900 -65.694485 -18.374898
-50.503917 -74.535404 -48.362173
-68.590804 -64.244130 -50.199556
-53.288716 -76.062916 -19.355707
-43.289709 -78.737959 -33.326400
69.478430 -22.214070 -90.123561
44.700460 -10.052390 -88.617814
69.294453 20.547087 -90.406505
45.033573 8.846553 -89.454231
91.708125 -11.716050 -83.845598
96.809324 11.090108 -88.314491
89.382931 18.407175 -60.986981
84.029356 33.935595 -58.053429
98.900489 9.095188 -48.196439
100.907577 17.889853 -33.087088
95.814360 35.073808 -32.759678
88.073996 41.993306 -45.244423
102.231128 -8.490912 -18.356615
100.751841 -18.034096 -32.627565
95.157769 -35.417195 -31.777034
99.784618 -15.825557 -1.461851
94.164485 -32.403501 -0.268217
90.694474 -42.028155 -16.288890
88.158051 -43.104060 -44.277048
74.548238 -46.596810 -68.002412
84.721784 -35.404926 -57.640632
67.914650 -59.230106 -57.472808
76.637445 -56.528777 -43.234392
-105.472702 0.241819 -24.108660
1.542497 78.785961 -69.168233
-8.288665 80.004729 -60.470308
-24.870735 80.562933 -45.614436
102.088686 0.251629 -23.273042
100.850605 0.016689 -43.267675
-104.366263 0.460047 -5.542206
-104.690079 -8.326180 -10.415349
-105.200668 -8.167903 -19.715752
-11.767345 -4.645321 -87.002848
-30.458527 4.210272 -85.354806
-102.653884 -25.480188 -20.910388
-104.930739 -16.544109 -25.031797
52.959306 19.196853 -90.645116
60.698251 30.272653 -90.094828
29.946003 26.225227 -89.057375
37.463975 17.536447 -89.120554
-33.874981 79.719218 -39.933111
-21.315855 78.037336 -61.899745
-28.208050 78.212229 -54.011435
60.888744 53.076516 -89.285118
52.279261 40.051125 -89.851418
36.735893 37.662120 -89.973431
15.483899 77.984265 -65.346974
78.313014 55.620089 -5.061177
70.681033 61.993975 -10.379951
61.933522 66.901947 -4.305620
88.273730 28.908643 19.777959
6.553892 8.014041 81.182770
0.498600 1.489103 82.026784
-9.722815 1.503629 83.264017
35.512421 38.257651 63.412535
32.282221 46.731481 58.741211
89.587560 20.425449 23.143466
94.000805 14.313140 17.362268
102.529672 0.371811 -13.048892
101.302915 9.063625 -38.215676
101.873270 8.949452 -28.199543
101.327024 17.591405 -23.262870
99.208809 26.360209 -28.018345
41.487551 74.931091 -56.458076
69.876666 49.587569 -79.569177
97.778187 26.715376 -37.762523
98.697497 18.025923 -42.874419
3.183976 83.285528 0.481767
-105.529686 0.143851 -32.448323
-103.965591 7.229875 -37.431050
-102.957900 15.198805 -34.552648
-100.511457 22.417361 -41.078246
-93.240983 39.964759 -44.619298
-97.841727 31.794887 -37.694542
-97.900667 33.148988 -27.277176
-103.527216 16.374033 -25.221287
-101.263671 25.061835 -21.353840
-105.082414 8.533968 -19.900053
-104.599269 8.905955 -10.616894
-99.205211 -34.011476 -26.710773
-98.668869 -32.699330 -37.164794
-28.023440 23.688354 -85.325636
8.675027 32.270137 -87.515007
12.205504 15.115083 -88.696465
16.626321 24.049246 -87.845568
-3.805448 29.852312 -87.423074
-26.787469 35.181690 -86.630986
-13.326339 37.955583 -86.580100
-42.809146 76.471474 -44.281331
-39.648686 75.668403 -53.228336
-46.689443 72.670290 -60.420298
13.474415 44.325296 -88.771828
28.155675 47.360794 -89.549463
17.615031 79.010489 -53.440042
30.104940 77.691207 -49.461957
13.174657 82.749044 -6.274068
11.848539 82.840978 -16.669717
-74.358119 18.512856 52.959676
-84.312605 9.491808 39.641604
-78.399914 9.742137 49.184307
-63.216850 10.380656 67.590829
-66.637670 18.987875 61.887071
-52.840060 10.604874 75.068165
-46.229411 19.728217 76.738407
-38.163601 52.162402 60.915179
-10.025256 -84.895101 -12.585917
-8.637158 -84.745372 -2.043694
-102.849216 -17.152889 -5.706886
-101.721403 -25.994484 -10.938502
81.721792 35.154198 25.528004
39.292220 50.945272 51.221331
46.155964 34.176364 60.481938
60.317628 65.220711 6.515042
76.245376 53.860267 6.018405
81.790949 46.195398 11.081664
64.038265 56.309097 21.599191
67.273617 58.754457 11.517049
69.489179 48.979723 26.457071
78.134736 43.695441 21.359525
96.074399 34.472826 -22.751477
85.633665 49.236702 -11.168213
85.971371 49.822810 -21.916692
91.414622 42.540616 -27.323588
101.159551 17.139425 -12.849719
101.842195 8.653173 -7.496712
100.222632 8.343641 2.711302
97.404675 15.641721 8.094878
2.518231 67.845429 47.024644
-27.847777 10.263605 83.383246
-15.465899 9.781827 84.619585
-33.554015 19.276856 80.665632
27.520225 32.991202 69.384895
29.962359 23.926211 72.355259
21.832550 18.625350 76.580204
78.188215 10.304474 -90.055473
61.511458 9.652664 -91.193123
101.677545 -7.971459 -7.306026
98.183946 -24.790801 -6.354339
100.740010 -16.739181 -12.440552
95.280903 -33.637758 -11.333478
95.529771 -34.613516 -21.865432
90.219193 42.513765 -36.669935
93.180781 34.724927 -41.757677
52.302564 70.874089 -50.921652
27.692558 76.664405 -75.022159
41.075214 74.087950 -69.273472
24.883950 72.200516 -87.583205
34.603184 60.560179 -88.485405
51.713780 63.936051 -88.315633
52.533464 67.978037 -75.186696
76.436075 31.812197 -87.823469
74.816877 38.614767 -77.059714
84.810926 21.436644 -87.000174
-3.061119 77.478835 28.737723
-5.306084 80.350257 18.191203
4.796453 81.318306 11.320270
23.955423 80.397089 -1.736989
-102.717478 4.528555 -45.987665
-101.449579 -23.107766 -40.825948
-102.868942 -4.680596 -45.931788
-103.820098 -15.468685 -34.392813
-104.374198 -7.268203 -37.366002
-87.138712 32.125419 -82.097983
-83.206935 44.513711 -78.292784
-92.372674 38.183952 -56.334201
-85.150804 46.451310 -64.148837
-69.598303 23.437682 -83.365622
-54.336513 27.807020 -84.547542
-41.327220 20.380572 -85.536420
-41.972640 9.709348 -85.495128
-92.837573 42.587733 -12.870556
-93.190571 42.003247 -23.065094
-90.921874 17.608537 24.708216
-86.192725 17.810522 34.516526
-89.086806 42.400922 8.246475
-85.700427 41.636099 18.373028
-86.893459 33.621676 23.627591
-91.503431 25.975181 19.380775
-101.050705 0.579994 4.666694
-94.038046 9.192570 19.992801
-98.283800 9.159871 9.703800
-96.727764 34.465435 -7.204132
-99.805872 17.788623 4.162795
-100.707139 25.875300 -11.535087
-102.343264 17.545129 -6.134334
-94.539985 34.563959 3.214033
-95.908869 26.169139 9.156234
-94.780296 -43.261150 -22.273514
-88.368399 -51.205860 -28.188244
-27.933812 -79.656018 -51.758336
-80.797319 -59.075571 -12.868814
-81.079970 -59.081046 -23.310002
-55.047090 -29.829631 -84.801920
-70.654337 -25.320322 -83.868033
-53.670670 -42.450377 -83.796900
-68.868832 -52.523594 -81.689705
-81.813436 -45.660663 -76.112903
-86.781913 -33.680906 -81.019039
-18.157356 17.188398 -85.933456
-11.707325 3.532806 -86.750880
-20.041173 8.258528 -86.670763
-6.960314 20.240300 -87.630539
-1.988692 5.974807 -87.066746
1.022577 13.604931 -88.225289
-41.138283 71.982050 -71.203414
-27.024956 74.987341 -71.950848
-80.505153 57.698591 -24.584737
-87.487564 49.173459 -40.222004
-87.652169 49.910499 -29.225520
-14.522465 82.388329 -43.311179
9.027737 81.067268 -36.061427
-4.968981 80.978753 -49.778916
7.088804 80.599425 -46.371882
53.222323 72.055290 -9.466231
43.743918 75.387861 -3.286158
33.703751 78.652691 -8.202782
-85.406132 50.473490 2.136376
-86.817150 50.648752 -8.528847
-80.420877 58.071005 -14.227895
-17.591579 81.178030 14.312485
-28.092876 78.712574 21.390835
-40.176748 77.028981 16.662143
-41.791878 78.554782 5.050282
-50.684836 28.414983 71.258718
-43.069107 36.984371 70.853389
-63.641527 35.480738 57.618628
-60.977139 27.972581 64.077730
-57.107169 43.673416 57.660369
-46.738341 44.633469 63.651824
6.525069 -5.186891 80.808193
-51.499444 -26.784257 73.171587
-47.507937 1.453023 78.953485
-34.813997 1.499789 82.934483
-53.239970 -8.082776 75.910443
-46.760508 -17.530195 78.137245
-63.725291 -8.034677 68.414000
-68.126254 1.275711 63.866926
-75.553685 1.163549 54.323549
3.175643 -83.857393 2.387731
12.897621 -81.847074 -4.453410
-21.775425 -84.718981 -16.537818
-32.182514 -82.678823 -10.650622
35.387686 57.919692 45.663093
24.942185 61.242293 46.998181
76.766884 32.029708 34.702009
48.651869 25.016882 63.631795
40.381157 19.996609 69.420068
41.470072 10.590706 70.702853
50.916924 6.069750 66.520276
53.011661 38.362676 52.618176
55.250525 50.375211 39.775635
49.506628 46.742843 48.218821
62.459573 33.603581 48.254901
64.685898 45.770026 35.680440
68.413353 37.373222 39.796312
54.975662 60.283280 26.019382
50.866915 57.528723 34.929064
37.125595 66.238670 32.795962
41.248127 60.915774 37.917430
95.574577 33.674051 -12.130664
98.551465 25.154151 -6.928513
90.654179 41.163406 -5.973625
88.727454 39.756609 5.114611
91.750143 31.093639 9.721985
96.502350 23.930651 3.827092
50.913384 -3.575238 66.628041
21.019166 50.123145 60.198205
17.589685 57.733085 54.092285
5.824092 60.869127 54.474645
101.019034 -17.467643 -22.810222
98.447790 -26.413600 -27.260349
101.877581 -8.782173 -27.991800
101.264017 -9.133382 -37.990769
32.334309 -78.547966 -16.562838
21.369665 -80.087886 -20.290199
11.566502 -81.847475 -14.572641
0.453974 -84.220273 -18.445160
-1.951512 -7.065720 -86.223748
3.836392 -0.499928 -87.226148
88.438710 -0.536278 -90.323956
78.534739 -11.698523 -90.160056
89.570467 4.749768 27.759801
93.706072 7.114023 20.191558
89.708968 -3.150468 27.911922
96.508197 -23.378190 4.383426
91.620398 -30.534588 10.417231
50.430193 -56.567049 35.866035
61.319303 64.906097 -55.729819
61.235417 62.447679 -66.453736
68.665293 53.965075 -68.643569
74.347753 50.121507 -61.293716
78.903790 56.526428 -26.462410
71.160793 62.484214 -21.035347
84.298789 41.215321 -53.134748
88.810502 34.176586 -50.055990
79.465393 41.923535 -60.754070
78.858215 35.479142 -66.317747
8.394953 75.784985 31.489200
10.977574 70.836582 40.060139
27.940231 69.535823 34.060239
21.569498 67.515676 40.505310
43.395040 73.903484 7.064970
51.240349 68.746750 11.674154
40.888298 68.894434 24.907148
49.141034 66.327077 21.114195
24.794413 79.349647 8.676760
15.539518 79.752370 15.018702
33.926884 73.619774 20.997855
34.234123 75.991076 12.532917
25.847471 74.085361 26.697481
16.928678 77.114163 24.702068
-99.678267 19.951618 -51.354864
-96.695110 27.549130 -60.000813
-101.224323 9.908899 -53.474239
-95.335266 24.281854 -72.916116
-97.728821 11.973825 -74.978399
-99.950954 5.357457 -63.831742
-82.428019 33.258661 32.799297
-82.162840 25.815845 38.375096
-71.163324 34.228131 49.677842
-76.410458 26.270858 47.341771
-24.516690 -81.502371 -43.245667
-22.651225 -84.040202 -25.867088
-33.414366 -80.546037 -37.671759
-33.140002 -81.445566 -29.424297
-42.920956 -79.438046 -14.885313
-43.238628 -79.323876 -24.367397
26.778134 -76.494537 -70.952895
-20.259692 -9.563992 -87.230041
-40.838929 -21.613275 -84.194259
-18.550821 -18.972706 -86.985597
-28.578279 -25.725124 -86.133391
-30.551241 -5.299855 -85.452156
-41.371003 -10.769041 -84.221859
-69.809184 11.258982 -83.435097
-70.869262 -12.654062 -84.237591
-86.675538 5.848009 -82.170311
-86.616745 -6.881908 -81.973370
-54.787758 4.990928 -83.983482
-55.095233 -6.086636 -84.255448
-87.723102 -50.435612 -39.130375
-84.761889 -47.861942 -62.794923
-79.350393 -58.010107 -45.090919
-77.078667 -56.792123 -56.642722
-93.547940 -41.100065 -43.777350
-92.463304 -39.458492 -55.467535
-101.306043 -10.375457 -53.271737
-94.847049 -25.433225 -72.020599
-97.248518 -12.930572 -74.373617
-99.769982 -5.936367 -63.603962
-100.241818 -20.727882 -51.105481
-96.674968 -28.599252 -59.330766
-39.370809 -77.246574 -51.145960
-42.564779 -77.948447 -42.281504
-69.226866 50.603521 -83.268772
-53.602412 40.431002 -84.679943
-63.666304 61.565606 -77.689088
-49.398810 67.212795 -81.540315
-38.309933 43.617717 -84.968565
-37.091772 57.743062 -85.629018
3.910627 54.384887 -88.556593
-10.470557 50.870837 -87.616148
-21.866009 61.015122 -86.240966
8.636216 68.422849 -87.563095
-2.556343 76.656039 -82.500466
-18.681455 74.853810 -84.011616
-79.177327 56.429419 -46.359909
-77.603869 55.457232 -58.277500
-67.066464 62.460243 -64.145025
-58.677560 68.557956 -57.001085
-52.505059 73.840830 -40.507081
-71.987652 64.148292 -30.333060
-61.138907 69.066683 -46.124075
-70.964525 63.642003 -41.025010
20.642232 79.931896 -32.243258
31.055591 77.938282 -38.514923
21.855427 80.587579 -22.460797
32.936362 78.746913 -18.562243
-78.012879 57.333585 7.393230
-19.970937 65.642733 52.088879
-25.852596 75.655392 32.474964
-13.092161 75.208686 35.941299
-10.166604 70.239318 45.635948
-63.055694 70.156936 -25.605418
-53.507201 74.678746 -30.839994
-33.764303 81.179734 -31.702219
-43.633353 78.491734 -26.359862
-43.376363 78.931162 -16.805659
-72.057674 64.651364 -9.727143
-52.568216 74.594268 -0.140893
-61.633385 69.382136 6.351013
-71.214471 64.210360 1.117681
-63.229263 70.307892 -15.444515
-53.228321 74.961848 -11.028250
4.798730 -82.080180 13.254481
15.496027 -80.076966 16.814716
-10.255986 -70.374077 47.706880
-20.053503 -65.236709 53.865622
40.907785 -59.954051 38.919697
16.013015 -2.639756 79.632016
32.883429 5.879624 74.786554
16.080834 5.483200 79.963795
23.637855 9.959336 77.705938
11.109827 -18.982576 77.529899
3.398824 -12.818534 80.619394
-30.844436 -34.981403 76.815993
-43.661014 -35.632897 72.777983
-15.249821 -6.858361 83.635143
-28.004576 -7.514830 84.084622
-33.878634 -16.935110 81.923898
-25.781883 -25.419373 80.597778
-8.042575 -14.482978 81.859395
-12.586262 -23.614289 80.808510
-19.482576 -84.565687 5.040747
-31.325510 -82.648189 0.201963
-41.447826 -78.715339 6.772803
-40.117096 -77.391968 18.437883
-52.267400 -74.986287 1.558862
-72.044382 -65.430310 -8.198349
-53.108113 -75.873973 -9.253774
-63.208088 -71.352379 -13.776960
84.980013 17.654935 31.700112
78.912568 23.090712 37.642903
85.290249 9.198024 33.499335
80.226649 5.388409 40.881062
67.330797 5.890349 54.616504
59.219228 10.730849 60.562593
58.114935 20.266907 59.096285
65.069103 24.627979 51.541860
73.993509 10.173500 47.267311
73.070075 19.428138 45.874774
16.235017 36.299642 70.986342
12.943897 44.990907 66.504203
42.124449 -75.709603 -22.188545
33.334287 -78.832527 -6.381217
23.659663 -80.301731 0.030449
24.641681 -79.534675 10.413207
13.684108 -0.517463 -88.717805
31.001360 8.110292 -88.893904
19.013523 7.554125 -89.174820
19.058815 -8.826744 -89.190556
98.181476 -0.102818 -53.436318
98.707819 -0.426831 -81.027304
94.361998 -9.742085 -57.325984
90.700720 -10.310598 -67.927005
20.226248 -79.835433 -29.892706
39.661066 -73.762679 -65.428628
81.618569 -34.320494 26.297276
76.824320 -30.968166 35.475656
89.989073 -19.414154 23.763657
88.393653 -28.139830 20.490538
85.683091 -7.605783 33.902392
85.372110 -16.358898 32.296788
79.195225 -21.791800 38.343671
80.548297 -3.503275 41.195404
45.738287 -32.221934 60.598430
48.389493 -22.935789 63.783182
93.925542 -5.763294 20.415181
94.374738 -13.250924 17.797231
97.604983 -14.810102 8.491171
100.161250 -7.420126 2.887817
99.365137 0.611359 7.334821
96.343490 0.708111 15.567973
54.568440 -59.650444 27.148520
66.594420 -58.276785 12.663449
63.416542 -55.580540 22.593606
77.611220 -42.921581 22.160367
68.776615 -48.000682 27.207205
68.212354 -36.189908 40.509036
64.222678 -44.671943 36.403941
62.413711 -32.210631 48.984214
52.728091 -36.803346 53.154684
49.091740 -45.304693 48.791703
54.800554 -49.208878 40.523797
77.330294 -56.687365 -34.260433
77.682189 -56.595093 -24.879620
84.936784 -49.906131 -20.602931
90.694326 -42.845174 -26.183332
53.148384 72.240672 -19.971770
62.367025 67.705897 -25.495259
42.885562 75.728879 -24.218752
42.318915 75.570499 -34.297187
52.375850 71.568536 -40.096430
62.384773 67.483839 -35.535878
78.874873 56.637496 -36.104423
82.293743 48.660025 -48.816364
84.290633 49.530159 -40.796706
70.943132 62.184189 -40.731830
75.643873 53.932447 -53.412908
69.890115 60.566349 -50.146495
94.475810 18.128920 -52.101760
88.916990 26.267670 -55.097601
95.488099 9.311589 -58.129792
93.850035 9.836398 -70.221253
85.951091 19.280416 -71.739587
83.241719 26.597539 -63.312962
-26.372666 -36.527717 -84.703710
-13.277682 -39.767790 -85.402991
-38.321933 -45.684995 -83.940748
-10.260056 -52.267224 -85.108772
29.644445 -27.629998 -87.568909
36.655096 -39.590496 -88.879005
60.923498 -32.238560 -89.666143
52.531397 -42.342755 -89.279498
8.723687 -34.361683 -87.315096
1.040957 -14.700738 -86.464421
-6.825346 -21.439622 -85.988617
-3.784261 -31.490316 -86.391073
12.196371 -16.531127 -88.271945
16.780592 -25.952938 -88.069442
15.136562 -78.402473 -62.134683
17.223440 -79.187122 -50.526995
13.297903 -45.774655 -86.522973
34.652415 -63.224951 -87.152307
28.212693 -49.726364 -88.580393
24.515932 -73.842913 -84.650061
3.884736 -56.034143 -86.224197
8.589268 -70.794764 -85.521447
-2.459792 -77.732679 -79.118707
-21.079482 -79.569071 -59.515072
-8.118138 -80.987664 -57.737846
1.546974 -79.526803 -66.007339
-65.830292 -63.326162 -61.705406
-57.875261 -69.631212 -54.763722
-61.819116 -62.087166 -74.353819
-46.242113 -74.173530 -58.234760
-70.803869 -65.008375 -39.446932
-60.547042 -70.166594 -44.157109
-72.111835 -65.527125 -28.841202
-52.213257 -75.183804 -38.592573
-53.101534 -75.661706 -28.925719
-62.929143 -71.322684 -23.912385
-49.527883 71.678275 22.834593
-59.976546 67.717488 17.625696
-19.437299 83.420962 3.037517
-8.645503 83.669975 -4.016898
-31.364129 81.720421 -1.720415
-32.693749 82.612716 -12.616958
-5.382790 -81.726745 20.403346
-3.124532 -78.678610 31.081192
-17.959515 -83.359667 16.722454
-28.360681 -79.827377 23.542366
-26.141132 -76.510348 34.713956
-13.281629 -76.136744 38.312906
16.889639 -77.199201 26.424851
8.406819 -76.021537 33.355497
38.808650 -49.292567 51.604115
35.029157 -56.609046 46.410071
7.981129 -27.843820 75.421573
-4.206077 -30.809202 77.143509
-32.824268 -65.190337 50.062990
-35.778372 -70.603401 40.314904
-38.708204 -51.657846 63.107827
-41.923303 -58.268442 54.362103
-52.743717 -56.771374 49.016969
-47.380040 -43.752267 65.669756
-70.707790 -64.280251 2.546084
-60.969621 -69.174238 7.800464
-61.927721 -26.487552 65.842542
-67.512804 -17.149930 63.232266
40.031132 -17.618324 69.143059
23.409139 -7.215627 76.985661
41.348480 -8.084561 70.678485
32.772275 -3.171034 74.588405
21.485106 -15.918486 75.481200
29.455412 -21.342710 71.402124
-30.525850 36.569397 75.132850
-25.689894 27.599749 79.673379
69.836711 -61.960892 -8.924770
52.325963 -72.283737 -18.124671
70.034426 -62.453669 -19.396420
61.174214 -67.583973 -23.612679
37.886516 -0.519317 -88.875530
31.389960 -9.497885 -89.746420
53.011741 -0.535097 -90.219136
61.472097 -10.994154 -90.896819
37.081401 -18.823469 -87.840411
52.825335 -20.716941 -89.964978
89.781089 -43.173573 -35.532106
83.667248 -50.296060 -39.392953
-14.235357 -82.935974 -40.799720
8.886345 -81.266996 -33.659964
-1.063444 -82.898296 -27.824253
-12.458587 -83.439921 -31.413946
-4.888605 -82.110136 -47.382851
6.983984 -81.031534 -43.773281
69.106839 -61.948834 -38.473643
60.772800 -67.114598 -33.292394
51.121531 -65.774812 -85.865927
60.859707 -55.438100 -87.969805
50.957328 -68.207958 -71.581689
74.479409 -8.298787 47.870968
73.477301 -17.864669 46.634838
65.245853 -23.021616 52.275518
58.243805 -18.348693 59.709200
67.538447 -3.687863 54.933633
59.414927 -8.525792 61.029676
84.602427 -49.059104 -10.003981
90.069118 -41.001312 -5.036075
88.118653 -39.289246 5.934738
77.238769 -55.280507 -3.834360
75.340093 -53.344512 7.078270
80.906625 -45.514026 11.920691
-36.801708 -59.709422 -83.678094
-40.745429 -73.733866 -68.935332
-48.281143 -68.241783 -78.395900
-21.731345 -63.155343 -84.325445
-26.715213 -76.676394 -69.505355
-18.299459 -76.176300 -80.826963
-59.353981 49.744476 49.852294
-10.012805 83.442834 -14.563219
0.445769 83.413943 -20.498880
-22.893338 83.192895 -28.004514
-21.810194 83.383864 -18.528463
-12.742812 83.263179 -33.814489
-1.133328 83.188316 -30.238266
36.974035 -65.773107 34.161820
25.823120 -74.171696 28.402672
27.821960 -69.091484 35.486877
5.807840 -59.808277 55.647404
21.446848 -66.764532 41.766651
17.415867 -56.205384 54.725174
24.732071 -60.045079 47.902269
2.516968 -67.252185 48.515450
10.943089 -70.328532 41.526072
-21.797466 -42.683214 73.448158
-16.429529 -57.895399 61.978236
-3.189475 -55.204981 62.603618
-25.853754 -51.254259 66.929279
-8.362660 -40.355024 73.745475
0.647046 -46.371460 68.030839
12.807085 -42.939725 66.602083
34.929339 -36.004844 63.010763
31.779432 -44.687588 58.676313
20.729224 -48.141830 60.287295
26.972308 -30.433119 68.432780
15.972214 -33.823619 70.331482
-57.694705 -42.761216 59.354980
-59.923163 -49.200300 51.576473
-64.478168 -34.375609 59.307792
-59.446292 -67.348153 18.969955
-49.309082 -71.563074 24.374803
-47.330248 -68.345028 35.231776
-55.122453 -61.434287 39.633439
-78.601619 -7.773246 49.538922
-74.830300 -16.759552 53.765103
-16.309903 58.537909 60.142720
-3.185689 56.272088 61.240284
-25.546811 51.983386 64.870439
0.642018 48.030367 67.253320
-21.579286 43.950605 71.664455
-8.336279 41.988487 72.567024
-4.237924 33.037965 76.852978
3.412367 15.525271 81.003868
11.238229 21.632672 78.254312
8.066065 30.338869 75.900895
-8.136094 17.216021 82.358099
-12.627915 26.010543 80.489031
43.628716 -76.087822 -1.524273
59.892998 -65.160846 7.923547
61.323177 -66.930305 -2.796990
52.802057 -72.427585 -7.777188
97.375087 -27.105193 -37.014190
93.134704 -35.508925 -40.916166
98.704600 -18.436949 -42.447178
94.113546 -18.685413 -51.505492
81.840739 -49.696584 -47.444263
51.134800 -71.453123 -37.693180
50.879862 -70.740681 -48.124334
41.264074 -75.201944 -31.912062
30.140666 -77.234686 -35.824592
29.335737 -77.586566 -46.587285
40.184543 -74.545237 -53.200849
-47.377407 68.554794 33.665464
-55.338322 62.085207 38.367155
-35.670980 70.608231 38.514371
-32.716626 65.553547 48.342141
-41.617240 58.697917 52.542607
-52.414638 57.181279 47.326528
-79.613023 48.405236 22.851843
-75.494036 55.981579 17.890201
-66.973971 61.081752 22.890937
-64.307095 58.421057 32.646302
-64.159439 -57.915868 33.917324
-66.612464 -60.683337 24.146347
-97.488460 -34.707778 -6.367806
-94.438410 -34.255152 4.008390
-93.834123 -43.356119 -11.887754
-87.393300 -51.393921 -7.316290
-99.384040 -17.000413 4.510647
-95.193580 -25.355128 9.618840
-98.384607 -8.103888 9.927322
43.438234 -74.606898 8.830359
34.281829 -76.653054 14.363200
33.944656 -73.945447 22.749259
51.185283 -69.054735 13.269679
48.988735 -66.211458 22.569938
40.819814 -68.846586 26.463974
84.244006 -19.985566 -70.028642
81.873760 -22.151440 -83.769085
76.018873 -33.443071 -86.623067
60.233332 -63.440268 -64.032601
60.047500 -65.362239 -53.235419
68.660332 -61.086101 -48.002135
75.125355 -55.101840 -51.830063
-77.666797 39.809682 35.883317
-72.155862 40.256268 43.750198
-66.823089 47.609678 43.866061
-76.178044 46.947626 31.192895
-69.170568 51.690813 35.903010
-71.836540 -33.148309 51.022898
-76.680234 -24.827209 48.140447
-88.719792 -42.033377 9.163805
-85.303072 -50.565602 3.309356
-77.443015 -57.119477 8.610444
-74.778054 -55.376053 18.935625
-93.876180 -7.870064 20.142622
-91.877877 0.820473 25.129987
-87.015809 0.936373 34.993033
-84.230658 -7.715454 39.796598
83.877845 -27.929842 -63.085254
89.385791 -27.323820 -54.708649
89.219210 -35.329929 -49.425303
84.709392 -42.664463 -52.361773
75.028328 -40.472382 -76.323612
69.438927 -51.325164 -77.938990
79.963512 -43.639485 -60.071422
79.629799 -37.260105 -66.022522
68.492129 -55.748898 -67.202651
74.480391 -51.871607 -60.187448
-69.153540 -51.057788 37.099579
-67.167518 -46.934059 45.249600
-72.570821 -39.383932 44.989825
-90.963653 -24.954939 19.808376
-90.534193 -16.328831 24.961531
-82.014935 -24.443314 38.880197
-85.769338 -16.292227 34.702005
-78.886929 -47.581154 23.682964
-75.670710 -46.017186 32.013903
-85.044546 -40.868719 19.127381
-86.361235 -32.640354 24.202991
-77.483044 -38.800703 36.700267
-82.183647 -32.154359 33.443629
