-88.065212 0.294171 -26.370808
-90.724142 -5.232870 -19.732854
-90.393531 5.755331 -19.790432
-91.103491 -11.168097 -11.840838
-91.673375 0.462493 -12.047817
-90.488288 11.599166 -12.032509
-89.010737 -17.036439 -3.276434
-89.759572 -5.356631 -3.431597
-89.453972 6.250398 -3.560695
-88.553179 17.440848 -3.670668
-88.175014 -9.039492 -29.185542
-87.224129 9.126945 -29.076696
-84.915807 -22.433660 5.269907
-86.263394 -11.081762 5.247794
-86.265593 0.664129 5.109939
-86.034803 11.958167 4.958153
-83.980142 22.669242 4.662589
-90.251697 -15.623820 -21.883360
-89.851028 15.670957 -22.153098
-79.385159 -27.081253 13.665508
-81.944089 -16.522258 14.060280
-82.561336 -5.041616 14.050516
-82.021511 6.330123 13.807420
-81.503453 17.340920 13.572978
-78.323599 27.217170 12.812153
-84.946037 0.195816 -34.740105
-90.282209 -22.433427 -13.302821
-88.863053 22.136045 -13.622925
-73.175295 -30.910885 21.125565
-76.631709 -21.403426 22.162183
-77.536577 -10.410436 22.333626
-77.688625 0.865576 22.251627
-77.810648 11.780731 22.163894
-76.183581 22.193218 21.500956
-72.559263 31.189091 20.191105
-86.182528 -28.271385 -3.942347
-84.775629 27.861706 -4.553160
-67.348257 -34.264498 27.785958
-70.761325 -25.593716 29.295460
-72.698963 -15.445337 30.091007
-73.019487 -4.536051 30.114131
-72.866791 6.241441 29.915383
-72.425298 16.704168 29.583986
-70.418245 26.397896 28.522484
-66.962404 34.643618 26.793987
-89.710028 -20.637591 -33.106393
-85.673389 19.364075 -32.037212
-80.044663 -32.987046 4.991637
-78.958743 32.624168 4.130899
-61.286624 -36.760373 33.308642
-64.495818 -28.947991 35.218543
-67.230012 -19.877190 36.817377
-68.043050 -9.554944 37.203198
-68.047873 1.039857 37.081697
-67.764894 11.208410 36.785692
-66.727092 21.028653 36.022964
-64.729069 30.023355 34.671007
-61.356191 37.439849 32.480042
-87.820632 -27.389109 -23.937658
-86.382088 26.571803 -24.170708
-73.636057 -36.933451 13.506807
-72.802418 36.651913 12.461994
-86.778784 -10.330893 -39.640693
-83.877757 9.883655 -38.500954
-85.031954 -33.980703 -14.348527
-83.727956 33.067541 -14.917329
-67.585341 -40.350332 21.137283
-66.758192 40.034663 19.894118
-79.177620 -38.987550 -4.541547
-78.084179 38.096426 -5.394952
-81.103690 0.079212 -44.662259
-61.231612 -42.742986 27.567772
-60.809797 42.703115 26.344778
-85.838187 -32.973907 -35.611013
-80.884345 30.189351 -34.207682
-72.798173 -43.046004 4.511384
-71.499759 41.965742 3.405105
-80.452678 -38.587074 -24.878301
-79.471982 37.319853 -25.455632
-66.401813 -46.297132 13.046625
-57.389447 -34.513558 40.229819
-60.146204 -25.688447 42.350472
-62.207276 -15.568102 43.894571
-62.542633 -4.474400 44.034791
-65.053170 45.099775 11.659045
-62.620930 6.524498 43.968710
-61.952790 17.132206 43.304942
-60.269943 26.988792 41.831257
-57.419478 35.407540 39.432346
-86.657556 -23.267716 -44.666332
-82.850202 21.545501 -43.137711
-76.549511 -44.671079 -14.944575
-74.776181 42.814173 -15.620568
-60.206847 -48.799430 20.521364
-59.201188 47.808619 18.986881
-55.016276 -42.960444 35.288054
-70.357577 -48.817729 -5.071216
-67.684745 46.151120 -6.014504
-54.779861 43.208802 34.099779
-83.260668 -11.718752 -51.973933
-79.009762 10.694105 -49.445991
-77.942381 -44.663564 -36.705188
-75.762516 42.095934 -36.639338
-63.997412 -51.972441 3.889460
-62.242086 49.837236 2.548038
-70.334951 -48.229418 -24.930788
-70.370185 47.131225 -26.064637
-72.570490 -0.026085 -53.622293
-57.861151 -54.375049 12.247737
-56.719666 52.711119 10.699826
-81.843657 -37.237756 -48.126410
-77.077990 33.745136 -45.996081
-53.818473 -49.300532 28.797809
-65.779888 -53.331685 -15.027047
-52.149492 -31.410178 47.574460
-54.284754 -21.535831 49.720537
-55.425091 -10.430395 50.798114
-64.006176 50.715423 -15.828473
-56.439652 1.212074 51.736129
-56.091261 12.574129 51.233515
-54.479557 23.186399 49.401343
-51.989934 32.453904 46.654898
-53.218340 48.763727 27.271041
-59.930829 -56.605733 -5.462133
-58.547215 54.213200 -6.645259
-79.567076 -25.473195 -56.943605
-75.724328 23.180621 -54.596375
-66.883616 -54.044544 -36.154183
-49.943246 -40.749193 42.677938
-66.426815 52.062302 -37.135559
-49.834314 41.353261 41.604319
-54.163405 -58.992401 3.159799
-53.259182 57.045537 1.721458
-51.666336 -55.567171 21.002159
-59.613905 -56.336265 -24.530361
-58.992710 54.298414 -25.555053
-50.820300 54.223167 19.305603
-73.405568 -12.436582 -62.722621
-69.027496 11.002395 -59.001249
-46.791086 -49.221329 36.820289
-71.166023 -49.151133 -48.316557
-70.131040 46.708051 -48.688226
-46.527999 49.170410 35.419531
-54.474823 -59.799824 -14.753562
-53.980010 57.901516 -15.993748
-45.717664 -27.549577 55.368299
-46.981026 -16.560352 57.045781
-47.881857 -4.788209 58.195636
-48.663350 7.268546 59.171493
-47.598298 18.738324 57.513662
-45.535783 28.892236 54.444909
-59.153851 -0.088867 -58.964546
-49.256834 -62.260592 -5.720068
-49.252164 61.069017 -7.168885
-72.924660 -40.382807 -60.819928
-70.136302 37.120169 -59.232615
-47.790519 -60.352752 11.865821
-54.664298 -60.495704 -34.378860
-55.494395 59.707847 -36.366617
-47.540518 59.287451 10.383805
-44.489188 -55.809364 29.621882
-43.308821 -37.434226 50.290622
-44.036511 55.021219 27.959468
-43.356349 38.483410 49.464173
-49.089877 -62.863309 -23.828109
-48.399224 60.262458 -24.903747
-68.656351 -27.024386 -68.956689
-65.707644 24.464415 -66.362906
-58.328667 -58.142027 -46.452766
-58.553968 56.405109 -47.996086
-44.548167 -65.739318 -14.549113
-44.572343 64.265490 -16.085625
-40.337393 -46.891256 44.407528
-40.082596 47.066734 42.965046
-43.358621 -64.612068 2.333508
-43.345328 63.505854 0.826784
-58.361331 -12.214972 -69.239805
-56.020854 10.880526 -66.466361
-40.899634 -61.428725 20.882309
-60.958304 -52.682942 -60.304009
-37.419796 -22.428606 62.084614
-60.728762 50.373064 -61.266095
-38.323449 -10.871198 63.780273
-39.643362 1.383361 66.311394
-39.555355 13.619777 65.989225
-37.343973 24.183878 61.383156
-40.674070 60.495890 19.308771
-44.219935 -66.551001 -33.022706
-44.021245 64.247239 -34.391082
-36.601241 -54.918115 37.547672
-36.489662 54.796305 36.117488
-49.607796 -0.204853 -68.834104
-39.782602 -69.050468 -23.296671
-39.384572 66.426329 -24.620945
-35.237548 -33.037192 57.786412
-59.879573 -42.039817 -72.345479
-57.578011 38.353192 -70.232541
-34.968668 34.056502 56.452983
-38.440094 -68.139809 -6.848157
-45.709583 -64.438786 -43.623444
-46.438648 63.438769 -45.917164
-38.432808 66.702352 -8.431416
-36.496583 -66.163685 11.314575
-36.307553 64.828395 9.700143
-33.066886 -61.012243 29.482438
-32.224727 -43.085578 51.798262
-51.727853 -25.994303 -74.764574
-50.390079 23.817174 -73.189088
-31.934952 43.435752 50.194171
-32.878232 60.262971 27.844900
-46.540611 -60.064394 -55.851151
-47.123916 58.628158 -58.041747
-34.671319 -71.363703 -31.567320
-34.388209 68.572367 -32.904704
-27.764413 -16.332655 66.635017
-28.922346 -4.795060 70.143981
-29.330936 7.550925 71.284916
-27.842981 18.534720 66.472547
-33.492460 -71.487510 -15.940755
-33.368602 69.421145 -17.527387
-28.632554 -51.853329 44.620857
-43.397548 -11.793779 -74.214759
-43.199985 10.788602 -74.093406
-28.478523 51.850470 43.089961
-31.574623 -69.951641 1.423056
-45.786224 -52.141275 -68.248211
-46.230550 50.429975 -70.209333
-31.465014 68.361073 -0.211431
-34.334793 -68.522699 -40.448401
-34.457738 66.597868 -42.209926
-28.649777 -65.939619 20.159223
-25.869896 -27.486927 64.318740
-25.508856 28.645159 62.458260
-28.527211 64.867055 18.508106
-24.781728 -58.900831 36.899013
-36.619126 -0.262444 -73.734735
-24.709481 58.594191 35.371799
-40.968297 -38.400956 -74.602662
-40.652312 36.158196 -74.810762
-28.443918 -74.284868 -24.777261
-33.294962 -63.583854 -50.080169
-34.775285 64.643346 -54.280172
-28.158709 71.309791 -26.178867
-22.729608 -37.659565 58.068465
-22.466025 38.222629 56.235137
-26.382702 -72.855225 -7.920046
-26.153342 70.436290 -9.521347
-23.801229 -69.954377 10.317498
-33.626906 -22.902052 -73.542200
-17.978919 -10.088982 69.686351
-33.540776 21.501458 -73.837106
-18.499690 1.458286 72.686947
-18.176505 12.720799 70.608242
-23.778971 68.776552 8.673265
-31.906738 -57.403434 -61.022523
-33.166228 57.786183 -65.323315
-20.477942 -64.118278 28.237625
-19.411804 -47.182589 51.109848
-19.248951 47.269917 49.359264
-20.484076 63.677274 26.748218
-24.252857 -72.977789 -34.845244
-24.170289 70.414588 -36.374108
-15.514957 -20.430244 67.071529
-28.139355 -10.665018 -74.037364
-28.154745 9.765408 -74.328385
-15.490641 22.373016 66.390545
-21.182154 -74.995733 -16.891061
-28.835115 -47.105372 -69.570078
-29.042071 45.397367 -71.284047
-21.046879 72.441046 -18.476968
-15.955125 -55.154259 43.294664
-15.897852 55.035293 41.741122
-18.794844 -73.209351 0.405900
-18.612126 70.740926 -1.300877
-22.241878 -67.661008 -43.305616
-22.181135 65.169081 -44.705508
-15.793052 -68.441325 18.793322
-12.629664 -30.962949 62.472835
-23.712235 -0.282540 -75.444688
-12.529328 31.981583 60.743788
-15.847717 67.980825 17.300897
-22.907074 -31.172842 -67.780926
-23.236939 30.247149 -69.817029
-12.583765 -61.096199 35.141003
-12.611021 61.152837 33.857207
-8.565540 -3.938709 69.194438
-8.592794 6.649000 69.876756
-16.933265 -75.171586 -27.334196
-20.159635 -62.553639 -53.753772
-19.960798 59.400869 -54.433293
-16.880814 72.670013 -28.941289
-9.530678 -41.003922 56.294117
-9.474351 41.318608 54.363579
-13.660086 -74.694085 -8.734370
-18.531053 -19.093954 -67.933627
-18.631674 18.167681 -68.914552
-13.571584 72.135712 -10.363886
-10.982514 -72.158689 9.087244
-5.862349 -13.259897 66.765698
-5.853734 15.916508 68.276064
-10.933952 70.247976 7.315275
-16.536091 -50.795976 -59.759404
-16.742896 49.738261 -62.116154
-8.072359 -66.053865 26.543810
-6.429081 -50.115597 49.196314
-6.424279 49.674126 47.061718
-8.094852 66.247968 25.312898
-15.035904 -9.120580 -69.567305
-14.994012 8.336436 -69.449989
-12.017752 -72.716283 -37.592308
-12.039306 70.677342 -39.413860
-2.893335 -23.548198 64.369529
-2.882696 25.453609 64.006043
-9.050402 -75.081900 -18.785761
-12.621511 -37.083662 -61.960691
-12.729285 36.090282 -63.839393
-9.048806 73.093834 -20.517007
-3.524688 -57.026344 40.969491
-3.550523 56.557117 39.227871
-6.178966 -73.787805 -0.629207
-11.262853 -0.137012 -63.061364
-0.372507 1.412656 68.804123
-6.178966 71.846886 -2.340689
-8.902276 -67.165668 -46.735365
-8.955188 66.106288 -49.195859
-3.210343 -69.692354 17.147382
0.403936 -33.777600 59.628144
0.308443 34.624352 57.943369
-3.210921 68.754557 15.516900
-8.754567 -24.167284 -61.514560
-8.855079 23.941832 -64.433200
-0.573131 -62.234742 32.894550
-0.546795 62.230164 31.589983
3.135724 -7.170089 67.459935
3.262323 9.778930 68.196813
-3.206376 -73.599066 -29.328936
-4.840212 -58.055249 -54.830287
-4.796657 57.687179 -57.947863
-3.138083 73.089590 -31.712103
3.876566 -43.000785 52.915379
3.754485 43.336490 51.246294
-0.360733 -72.862661 -10.066859
-5.370486 -14.197901 -63.608225
-5.336775 13.940025 -66.535743
-0.282923 72.140274 -11.896985
2.071283 -70.956016 7.399953
6.902058 -16.569969 65.120814
6.908313 18.672101 64.738414
2.177877 70.654799 5.839927
-0.770766 -46.459357 -60.910971
-0.608683 45.886967 -63.793224
4.746577 -66.125971 24.143697
6.988259 -50.918371 45.382233
6.904221 50.997005 43.889158
4.785262 65.721025 22.682282
-2.334988 -5.257717 -65.494434
-2.322335 4.757035 -65.823002
3.068419 -70.641279 -39.809356
3.340333 70.361080 -42.617380
10.737383 -26.414243 61.425345
10.351090 27.440788 59.362687
5.903167 -71.972721 -20.226174
3.039553 -34.546056 -65.736810
11.113311 1.384216 66.384122
3.277256 33.807727 -68.207025
6.258267 72.146695 -22.495184
9.663438 -57.455856 37.727101
9.632964 57.337089 36.303916
8.073788 -70.773925 -1.841715
8.424966 71.067048 -3.537616
7.986469 -65.329218 -49.797194
8.359878 64.662173 -52.618315
9.656578 -67.982008 14.777626
13.928980 -35.300826 54.998494
13.587532 35.877341 53.209736
9.856421 67.903251 13.376011
15.278137 -7.587185 64.137870
6.159246 -22.419055 -67.737825
15.357331 10.015757 64.172916
6.507024 21.817683 -70.132272
11.788964 -62.317591 30.189863
11.649940 61.484497 28.495454
12.273955 -69.522458 -30.577005
13.218662 -57.427205 -59.881910
14.156256 57.804051 -64.090809
12.883777 69.713923 -33.201336
16.825350 -43.556582 48.243558
16.514955 43.700172 46.553899
14.361132 -69.442513 -11.354009
19.422715 -17.169971 60.573258
8.528734 -11.451700 -67.814092
8.744830 -0.205893 -68.922618
8.776881 10.830983 -69.197132
19.152933 18.941437 59.496938
15.235107 70.731995 -13.455487
15.944239 -68.313194 6.321258
16.694987 69.448528 4.940345
17.316223 -45.093815 -66.302314
17.986343 44.341310 -69.216829
16.513168 -64.831849 21.441111
19.110752 -50.479425 40.942000
18.971073 50.517859 39.523975
16.607602 64.445907 20.014138
23.416291 -27.006064 55.915901
22.703452 27.839106 53.896164
18.607855 -66.245322 -40.877789
23.008003 1.331016 61.857219
19.812828 67.193382 -44.398257
21.101701 -68.136170 -21.517456
19.762941 -31.188928 -68.563581
20.088633 30.036163 -70.129699
21.524737 67.395369 -23.433086
21.016434 -56.444926 33.922841
20.761070 55.860152 32.276690
22.539496 -67.716951 -3.072317
26.455023 -35.984424 49.340056
26.366722 36.916797 48.346922
23.682599 69.016290 -4.773595
24.564387 -60.275355 -50.598800
27.569528 -7.801176 58.772727
27.756669 10.116096 58.895858
26.361896 61.490125 -54.942122
23.360323 -66.124523 13.987049
23.854170 66.336541 12.676246
21.033185 -18.461410 -68.413157
20.833090 -6.238201 -68.063156
21.015897 5.663407 -68.654017
20.726093 17.214963 -68.074810
22.312097 -60.933622 27.062221
22.298180 60.523693 25.621269
28.861913 -44.019035 42.258119
28.867252 44.604232 41.223216
27.558211 -65.251428 -31.718725
31.852851 -17.392883 54.449016
29.680323 -50.772970 -58.999380
32.764042 19.656663 55.349093
31.888597 51.738711 -63.781960
28.403032 64.930656 -34.024618
29.232628 -66.086662 -12.664908
30.745254 67.338268 -14.743148
30.641782 -66.539817 5.312456
30.481624 -50.690761 34.925403
31.189920 66.421209 3.839633
30.592499 51.012080 33.838554
35.987787 -27.226015 49.469485
32.977222 -38.585797 -64.484282
35.908232 28.522167 48.718786
33.193159 37.096224 -65.723553
29.168215 -61.993063 20.472629
29.468669 61.939332 19.196735
34.748815 1.262502 56.027127
32.218376 -59.238677 -40.203425
34.797750 61.180687 -44.265525
31.892784 -56.683738 28.170950
31.607872 56.063259 26.628929
38.990250 -36.347230 43.071775
36.157381 -64.107539 -22.743204
33.018789 -24.933071 -64.712074
33.307887 -12.643312 -65.324903
32.911982 -0.157799 -64.830181
32.925664 11.758014 -64.992382
32.924730 23.673537 -65.130899
38.465319 36.794704 41.699237
37.506306 64.434702 -24.954791
39.637051 -7.902852 52.462727
40.121547 10.115636 52.820601
37.564923 -65.127659 -4.343647
38.993224 65.937628 -6.001870
38.811604 -53.082754 -49.356298
40.616967 53.252510 -52.551474
36.883779 -63.023583 12.898583
36.964332 62.356189 11.450676
40.798444 -44.191380 35.917528
40.223654 44.078587 34.428768
44.233702 -17.528215 47.974705
44.344785 19.232483 47.651252
39.584057 -57.104944 21.045185
39.966237 57.191953 19.884628
41.463586 -59.522515 -32.079203
42.770521 -42.780477 -55.860488
43.749985 41.950276 -57.954102
43.852348 60.697615 -35.060490
41.591529 -50.557276 28.671770
44.199273 -62.636918 -13.976396
40.980725 49.947690 27.112508
46.201238 63.658404 -15.985796
47.663978 -26.924893 42.127014
47.275065 27.916366 41.169715
43.942979 -61.969021 4.012311
44.468374 61.652601 2.609634
46.328516 1.189343 49.801866
43.690561 -30.548292 -58.873706
44.527224 -18.683739 -59.981781
44.902981 -6.347846 -60.561783
44.338134 5.849275 -60.051172
44.364012 17.758246 -60.221084
43.611976 29.231864 -59.485253
47.564683 -56.771617 12.744690
47.496837 56.139996 11.400631
50.092132 -35.665676 35.629641
45.770196 -54.178638 -40.509587
49.782862 36.194845 34.583401
47.300855 54.010397 -42.949279
51.737003 -7.999094 46.080892
52.044362 10.011155 46.121231
49.618736 -49.987492 20.987407
50.258328 -59.206785 -23.627308
49.551146 49.800668 19.788184
52.938829 60.431781 -26.117447
50.338482 -59.558298 -5.464025
52.528562 60.719653 -7.058389
50.734038 -42.799573 28.468327
50.291562 -45.524429 -47.160225
52.372228 45.583927 -49.933125
51.041112 43.333045 27.615067
56.463994 -17.597783 41.302255
55.234375 18.741052 40.039171
54.846416 -54.945986 3.380478
56.196280 55.420786 2.177051
58.077420 -48.974086 12.315157
55.398811 -54.895224 -32.850344
53.220192 -35.497809 -52.540556
55.449292 -24.581627 -54.600056
56.243767 -12.477566 -55.430607
55.978027 -0.046348 -55.346469
55.822796 11.859258 -55.351896
54.849498 23.399454 -54.644283
53.407319 34.300619 -53.522939
58.556321 49.041700 11.261934
58.477720 55.987075 -35.753386
58.407152 -26.373538 34.635799
57.582035 27.068086 33.550114
57.094368 -57.163551 -14.837028
59.809283 58.327025 -16.795502
56.877038 1.107419 42.830740
59.040265 -41.536647 20.485706
60.026579 42.323687 19.825243
62.380361 -52.862426 -6.537214
64.368977 53.487777 -7.951262
58.997554 -34.080839 27.702849
59.658184 35.026423 27.182612
62.256750 -7.892994 38.707600
61.255264 9.555729 37.915559
66.528028 -47.271213 2.690189
67.603589 47.503388 1.630123
56.552288 -47.714691 -39.509423
59.929532 48.732587 -42.719547
63.043893 -53.845415 -24.214134
65.174989 54.135544 -26.201984
67.752725 -39.895700 11.598139
69.351231 40.765172 10.923206
65.902024 -16.989262 33.293742
64.333892 17.946986 32.130655
69.327906 -49.952433 -16.338802
59.865432 -38.769909 -45.022962
64.556756 -29.680244 -48.253967
66.841115 -18.388601 -49.907933
70.405397 -6.446850 -52.421902
67.489865 5.978060 -50.626321
66.810079 17.754390 -50.312012
64.275005 28.573442 -48.750925
61.655007 38.523507 -47.123071
71.169550 50.145004 -17.891467
67.204957 -32.161002 19.531652
68.409532 33.167632 19.102882
73.645696 -44.291034 -7.568312
74.629159 44.240986 -8.689951
66.415739 -25.050326 26.605541
66.305402 25.911265 25.964382
66.358475 -48.687110 -32.511556
69.612432 49.470685 -35.082073
65.283547 1.017066 35.142360
75.733748 -37.377171 1.804757
76.417354 37.566922 0.947907
74.048467 -45.563480 -25.689864
75.518608 45.323141 -27.211103
75.388254 -29.796706 10.535940
76.073435 30.402950 9.926613
71.266361 -7.676492 31.184635
69.639792 9.123434 30.302707
78.555279 -40.031184 -17.209046
79.513169 39.819100 -18.330382
74.705625 -22.740928 18.450999
74.448367 23.462277 17.845431
66.364386 -42.029473 -38.699842
71.804392 -33.891360 -41.622398
74.801434 -23.446955 -43.302564
80.130365 -12.484537 -46.200591
84.512315 0.032645 -48.624787
79.316280 12.046433 -46.065834
74.736216 22.772679 -43.811840
71.714939 32.861013 -42.360380
68.361518 41.918318 -40.724203
81.201857 -33.553597 -8.318536
82.076017 33.668831 -9.180720
73.003612 -16.077100 25.306168
72.599234 17.184154 24.779372
76.597505 -40.306216 -33.961286
81.062050 -30.314542 -35.855250
83.457275 -18.630841 -36.945669
88.486095 -6.473801 -39.089617
88.659283 6.536010 -39.311422
84.481894 18.496817 -37.789708
80.605751 29.431361 -36.375805
76.286097 39.113539 -34.770702
82.371727 -26.714926 0.853082
83.263524 27.225758 0.239677
81.866061 -35.284650 -26.184173
86.599649 -24.716933 -27.657955
88.505166 -12.483706 -28.345000
90.137301 0.263741 -28.960144
89.593617 12.704603 -28.951338
85.961337 24.212283 -28.050977
81.327734 34.389631 -26.849495
81.782353 -19.800024 9.386027
82.139087 20.571639 8.954775
72.610778 0.931723 27.880265
84.926200 -29.199685 -17.576718
88.729804 -18.111796 -18.392696
90.103152 -5.872477 -18.784104
90.401055 6.432155 -18.982410
90.362881 18.525702 -19.117650
85.535129 29.119598 -18.371850
79.129535 -13.102346 16.780554
80.301144 14.391847 16.706342
86.606549 -22.791830 -8.891363
89.327346 -11.491816 -9.248861
90.384188 0.492705 -9.476983
90.171650 12.152780 -9.596458
87.866570 23.256987 -9.536584
76.570105 -7.182066 23.227116
76.455647 8.635124 23.007154
86.981595 -16.350609 -0.070596
88.865778 -5.163587 -0.177115
88.887545 6.161477 -0.309918
87.453366 17.030152 -0.456636
85.294263 -10.040987 8.032488
85.483006 0.697220 7.925712
85.278519 11.049853 7.783012
81.595480 -4.211533 14.959185
82.348472 5.634691 14.984216
78.067888 0.849576 20.890172
