-92.262736 0.279191 -27.645530
-95.002754 -5.527369 -20.655407
-94.672770 6.017982 -20.719668
-95.417654 -11.765226 -12.365988
-96.027219 0.456182 -12.584804
-94.805199 12.163055 -12.571642
-93.300599 -17.949128 -3.368268
-94.134204 -5.667691 -3.532527
-93.829370 6.547992 -3.668797
-92.849550 18.319920 -3.783714
-92.305903 -9.524437 -30.580151
-91.356671 9.562432 -30.482683
-89.112099 -23.660518 5.630883
-90.589374 -11.712050 5.612469
-90.637549 0.668372 5.470955
-90.363960 12.574655 5.308439
-88.188067 23.863605 4.996072
-94.442125 -16.431784 -22.899164
-94.046301 16.427288 -23.188471
-83.413727 -28.603817 14.500251
-86.139788 -17.469697 14.922152
-86.848798 -5.357526 14.923573
-86.309804 6.654885 14.673116
-85.706177 18.275736 14.414155
-82.369510 28.710637 13.614968
-88.987741 0.175774 -36.445559
-94.475199 -23.581087 -13.891092
-93.066018 23.231448 -14.238988
-76.971880 -32.695791 22.407907
-80.619328 -22.648049 23.501644
-81.653655 -11.044915 23.708927
-81.851741 0.881828 23.634577
-81.930904 12.424628 23.525229
-80.182789 23.427566 22.815135
-76.378455 32.949817 21.439290
-90.307423 -29.759261 -4.068105
-88.917226 29.298959 -4.713874
-70.867448 -36.269541 29.471025
-74.479848 -27.101115 31.068788
-76.570870 -16.378491 31.930004
-76.975565 -4.839233 31.985463
-76.823631 6.576975 31.779569
-76.303650 17.647773 31.403969
-74.152689 27.898404 30.267980
-70.508176 36.630328 28.444692
-93.701858 -21.651855 -34.616662
-89.672459 20.308710 -33.573263
-84.025597 -34.796462 5.341674
-82.963744 34.387175 4.440941
-64.504647 -38.941247 35.341490
-67.907863 -30.676012 37.367088
-70.804310 -21.075253 39.060899
-71.726564 -10.158781 39.507858
-71.770079 1.067138 39.403075
-71.451082 11.844183 39.077452
-70.311191 22.238716 38.244299
-68.160382 31.748499 36.790989
-64.603093 39.608488 34.479787
-91.837103 -28.765402 -25.041349
-90.412226 27.877547 -25.309728
-77.399298 -39.026578 14.344175
-76.596347 38.705693 13.257256
-90.714733 -10.864020 -41.503067
-87.815580 10.354845 -40.376021
-89.005714 -35.722697 -14.995859
-87.723671 34.741133 -15.608490
-71.074918 -42.676669 22.423890
-70.283150 42.330060 21.139179
-83.031622 -41.076878 -4.701956
-81.969140 40.123052 -5.605217
-84.904906 0.053480 -46.851880
-64.415585 -45.248943 29.249095
-64.031426 45.186774 27.987000
-89.598732 -34.558220 -37.221169
-84.661790 31.686211 -35.861368
-76.457540 -45.442716 4.841766
-75.198157 44.308598 3.683010
-84.190772 -40.558622 -26.054736
-83.236451 39.206553 -26.685872
-69.802122 -48.944275 13.868141
-60.392514 -36.571878 42.677115
-63.330967 -27.239002 44.938407
-65.533252 -16.527073 46.589495
-65.946642 -4.780042 46.785000
-68.498061 47.704373 12.429206
-66.025648 6.882698 46.711690
-65.284728 18.120655 45.981790
-63.469306 28.550435 44.394399
-60.446661 37.464700 41.850736
-90.397978 -24.376389 -46.672432
-86.598672 22.570195 -45.173227
-80.192454 -47.013969 -15.640406
-78.455843 45.079337 -16.377844
-63.307474 -51.633653 21.785343
-62.348704 50.611834 20.203221
-57.870289 -45.505287 37.438108
-73.830380 -51.491062 -5.264284
-71.203581 48.757943 -6.272600
-57.668848 45.742408 36.216132
-86.898467 -12.299482 -54.355850
-82.649586 11.199251 -51.841999
-81.369804 -46.824704 -38.386434
-79.218932 44.157832 -38.384650
-67.235800 -54.916241 4.191504
-65.532968 52.728239 2.785847
-73.687393 -50.780267 -26.154984
-73.762620 49.591067 -27.362679
-76.021005 -0.057918 -56.331035
-60.817601 -57.519089 13.034355
-59.731165 55.817002 11.426954
-85.280146 -38.955629 -50.243911
-80.532562 35.360803 -48.164006
-56.592323 -52.205241 30.562114
-68.987964 -56.233877 -15.754978
-54.857521 -33.295031 50.465525
-57.149272 -22.853127 52.770720
-58.397614 -11.095375 53.955052
-67.264331 53.539839 -16.635599
-59.450985 1.249561 54.925929
-59.066456 13.288698 54.377072
-57.353677 24.531208 52.430414
-54.716309 34.350453 49.520963
-56.036472 51.650033 28.994910
-62.931345 -59.798290 -5.683125
-61.604945 57.344414 -6.945496
-82.934817 -26.669056 -59.487733
-79.100439 24.277468 -57.173805
-69.885392 -56.745984 -37.867633
-52.514311 -43.177578 45.273495
-69.468692 54.661289 -38.934613
-52.434172 43.781097 44.171554
-56.909967 -62.402608 3.426705
-56.065958 60.411455 1.913705
-54.302728 -58.821763 22.306544
-62.493690 -59.404015 -25.771368
-61.922677 57.278213 -26.889384
-53.509591 57.454363 20.559174
-76.616294 -13.058557 -65.646443
-72.240243 11.534848 -61.940483
-49.172078 -52.141439 39.067106
-74.189879 -51.465428 -50.494787
-73.184169 48.909939 -50.940879
-48.947564 52.083791 37.633637
-57.175441 -63.176514 -15.494496
-56.738221 61.208706 -16.829878
-48.037700 -29.200529 58.705385
-49.419780 -17.585221 60.545278
-50.387238 -5.111099 61.782161
-51.169340 7.662699 62.750461
-50.042115 19.809320 60.995769
-47.867987 30.569581 57.760281
-62.127234 -0.126769 -62.189744
-51.733251 -65.873477 -5.962480
-51.789551 64.631969 -7.502641
-75.905013 -42.212179 -63.468559
-73.134367 38.832726 -61.938739
-50.224680 -63.917525 12.647874
-57.177485 -63.661833 -36.082934
-58.054158 62.776600 -38.176234
-50.033372 62.825354 11.100235
-46.731607 -59.110388 31.443735
-45.503774 -39.681839 53.352446
-46.325427 58.312418 29.740821
-45.572454 40.742411 52.502288
-51.449265 -66.351990 -25.055606
-50.812264 63.673160 -26.241170
-71.511371 -28.286113 -72.039100
-68.570507 25.612760 -69.482148
-60.856718 -60.988995 -48.631776
-61.119493 59.139319 -50.273481
-46.713687 -69.482677 -15.285409
-46.795074 67.952101 -16.929852
-42.352681 -49.692355 47.116183
-42.128008 49.870899 45.647825
-45.528891 -68.417869 2.557469
-45.575316 67.281031 0.966586
-61.009016 -12.864503 -72.676696
-58.670331 11.427736 -69.919646
-42.943700 -65.079663 22.200185
-63.450728 -55.106664 -62.979405
-39.259564 -23.783957 65.829294
-63.247583 52.671948 -64.025627
-40.237700 -11.553516 67.668002
-41.584526 1.429590 70.245107
-41.471457 14.368008 69.863893
-39.190339 25.581906 65.108850
-42.770105 64.136186 20.573377
-46.221975 -70.084342 -34.681528
-46.069891 67.693609 -36.171513
-38.395693 -58.192040 39.851084
-38.320829 58.071301 38.390279
-51.985499 -0.248174 -72.520430
-41.617626 -72.853192 -24.486764
-41.269546 70.163848 -25.933262
-36.957956 -35.027872 61.296646
-62.269099 -43.936564 -75.497759
-59.982735 40.120125 -73.448067
-36.702164 36.071814 59.942662
-40.299580 -72.101091 -7.156230
-47.703372 -67.718434 -45.747842
-48.472060 66.613277 -48.160395
-40.347732 70.627683 -8.842745
-38.283605 -70.098159 12.070100
-38.147451 68.751536 10.384314
-34.660631 -64.663421 31.319072
-33.775763 -45.686263 54.972388
-53.941415 -27.286060 -78.324892
-52.609967 24.983616 -76.788512
-33.506031 46.049502 53.347641
-34.512644 63.916108 29.641464
-48.488647 -62.991676 -58.474227
-49.102422 61.432801 -60.773751
-36.176858 -75.165556 -33.155909
-35.934605 72.299273 -34.626093
-29.053602 -17.343145 70.704569
-30.246230 -5.108313 74.314539
-30.655137 7.949267 75.448108
-29.134808 19.604980 70.525951
-35.020457 -75.519536 -16.748432
-34.943731 73.408824 -18.455684
-29.975272 -54.989210 47.379065
-45.373815 -12.451154 -78.075663
-45.177601 11.333591 -77.971082
-29.846488 54.995259 45.825528
-33.059501 -74.075984 1.594156
-47.638008 -54.606488 -71.368783
-48.102556 52.759656 -73.420646
-32.998207 72.470518 -0.133103
-35.802142 -72.124339 -42.478039
-35.960547 70.105890 -44.373187
-29.991234 -69.911076 21.452424
-27.033770 -29.146261 68.209287
-26.678943 30.343626 66.330011
-29.909278 68.842318 19.745654
-25.896448 -62.465442 39.200164
-38.322648 -0.309949 -77.777025
-25.851356 62.168708 37.644088
-42.666767 -40.304380 -78.171490
-42.361605 37.921952 -78.445571
-29.642278 -78.314645 -26.029932
-34.695596 -66.898468 -52.589334
-36.204293 67.844383 -56.917527
-29.393890 75.284184 -27.565546
-23.728284 -39.967352 61.663060
-23.474903 40.553948 59.811653
-27.542184 -77.070002 -8.288303
-27.352184 74.628609 -10.002585
-24.850680 -74.155264 11.021454
-35.121012 -24.180627 -77.463582
-18.688543 -10.730977 73.967545
-35.039034 22.646709 -77.797910
-19.218319 1.509140 77.014225
-18.886750 13.439146 74.877186
-24.864024 72.980526 9.300655
-33.204167 -60.327812 -64.024029
-34.483846 60.578888 -68.439248
-21.341552 -68.026222 30.033873
-20.214880 -50.081598 54.302835
-20.064946 50.184498 52.534751
-21.373046 67.597962 28.503863
-25.210837 -76.876952 -36.612489
-25.155649 74.238980 -38.283937
-16.081203 -21.704944 71.230718
-29.396747 -11.309244 -78.190470
-29.412950 10.290944 -78.497928
-16.058702 23.702113 70.532423
-22.019747 -79.215306 -17.750126
-29.988859 -49.534033 -73.036320
-30.207989 47.682528 -74.842562
-21.912891 76.626367 -19.465638
-16.549313 -58.542138 46.017450
-16.505119 58.437430 44.443166
-19.533838 -77.532051 0.517731
-19.377653 75.060436 -1.288417
-23.105126 -71.328740 -45.552146
-23.066020 68.740362 -47.094499
-16.374066 -72.612924 20.019917
-13.024761 -32.895305 66.391285
-24.724325 -0.332699 -79.712885
-12.927272 33.948954 64.644485
-16.448215 72.166495 18.468768
-23.880668 -33.021265 -71.638360
-24.216351 31.950169 -73.739378
-12.973827 -64.852762 37.372692
-13.011666 64.925445 36.059765
-8.713242 -4.218764 73.569835
-8.740526 7.020045 74.245378
-17.517433 -79.286722 -28.737321
-20.897319 -65.885194 -56.510747
-20.713558 62.613296 -57.324316
-17.483722 76.730978 -30.487062
-9.736941 -43.563374 59.850943
-9.683204 43.900113 57.904280
-14.091930 -79.039614 -9.151783
-19.301004 -20.320702 -72.074474
-19.403579 19.257489 -73.093168
-14.019058 76.466585 -10.900220
-11.268556 -76.490527 9.717889
-5.842410 -14.131873 71.064955
-5.833764 16.857811 72.560676
-11.230341 74.590137 7.864953
-17.115872 -53.672310 -63.020525
-17.331375 52.476338 -65.492687
-8.187199 -70.095806 28.244951
-6.444383 -53.217616 52.298183
-6.439864 52.792630 50.147013
-8.213307 70.307696 26.970889
-15.596398 -9.734868 -73.874607
-15.554831 8.829497 -73.772803
-12.330446 -76.641981 -39.525044
-12.361056 74.525535 -41.495262
-2.688107 -25.055702 68.484096
-2.676557 27.008732 68.102804
-9.212582 -79.355684 -19.761886
-13.016658 -39.394119 -65.668790
-13.128184 38.252384 -67.635515
-9.216636 77.334093 -21.628938
-3.362122 -60.554947 43.570815
-3.384070 60.101599 41.807268
-6.178966 -78.174340 -0.577657
-11.623893 -0.188387 -67.433019
-0.011466 1.464031 73.175777
-6.178966 76.233422 -2.392239
-9.048845 -70.812108 -49.169773
-9.105382 69.650926 -51.776039
-3.031389 -73.928895 18.271678
0.813925 -35.917824 63.435466
0.722046 36.794427 61.733364
-3.025772 73.006945 16.578631
-8.928482 -25.838750 -65.566757
-9.029835 25.466992 -68.542664
-0.230821 -66.070800 34.994988
-0.194794 66.082789 33.658251
3.719298 -7.656041 71.780542
3.846203 10.347425 72.507295
-3.041909 -77.703591 -30.868472
-4.766129 -61.300330 -57.781271
-4.721142 60.806553 -61.031393
-2.968373 77.135963 -33.398048
4.502767 -45.715143 56.304256
4.389522 46.069463 54.618524
-0.016633 -77.206558 -10.573325
-5.314936 -15.213733 -67.875466
-5.281130 14.822326 -70.832579
0.073615 76.467189 -12.525503
2.570044 -75.281047 7.938188
7.721481 -17.644681 69.294288
7.729628 19.807100 68.895525
2.694609 74.987370 6.293980
-0.458483 -49.175892 -64.341315
-0.292245 48.460413 -67.331810
5.409465 -70.173629 25.699781
7.803161 -54.105932 48.283912
7.734981 54.197991 46.771497
5.469062 69.783241 24.190648
-2.073030 -5.655982 -69.855295
-2.060318 5.040384 -70.192832
3.566771 -74.479822 -41.873716
3.852442 74.114741 -44.829193
11.789473 -28.093512 65.339105
11.408931 29.159334 63.257803
6.601453 -76.166267 -21.308263
3.587584 -36.634643 -69.555425
12.196081 1.434171 70.634942
3.829504 35.747871 -72.102562
6.979907 76.298809 -23.713191
10.631034 -61.000864 40.123145
10.623880 60.893590 38.673248
8.932988 -75.075752 -1.862119
9.314678 75.360927 -3.661556
8.735769 -68.815914 -52.351768
9.126040 68.038808 -55.311953
10.618313 -72.146349 15.766406
15.191103 -37.553374 58.544960
14.861933 38.152645 56.737234
10.850243 72.075333 14.298180
16.631707 -8.102797 68.278684
6.919509 -23.836619 -71.819106
16.711687 10.608742 68.303102
7.269899 23.094430 -74.259291
12.873290 -66.113709 32.102472
12.764268 65.290699 30.370408
13.310324 -73.459975 -32.209872
14.225014 -60.436960 -62.910604
15.179226 60.682403 -67.239296
13.950406 73.581857 -34.974959
18.259342 -46.308269 51.344564
17.969695 46.463876 49.634487
15.584720 -73.614183 -11.940825
21.039701 -18.291453 64.493970
9.464070 -12.217264 -72.031130
9.692878 -0.256225 -73.205494
9.713091 11.472276 -73.434655
20.773949 20.115995 63.400407
16.499290 74.873047 -14.161089
17.277611 -72.465793 6.792843
18.072448 73.595380 5.328375
18.562682 -47.517226 -69.740012
19.245899 46.621924 -72.746229
17.877856 -68.766055 22.820967
20.672093 -53.632137 43.562491
20.562062 53.676517 42.119352
18.012821 68.384043 21.341088
25.264564 -28.729260 59.501822
24.562307 29.593073 57.461638
19.943146 -69.845613 -42.998934
24.843319 1.377838 65.841409
21.180341 70.697794 -46.655104
22.664045 -72.071861 -22.663654
21.210607 -32.962123 -72.305826
21.544249 31.668117 -73.932626
23.132792 71.273281 -24.705999
22.663399 -59.898769 36.068261
22.445595 59.316346 34.388904
24.239404 -71.759975 -3.165193
28.482158 -38.256105 52.498305
28.413832 39.201964 51.482476
25.435471 73.033121 -4.965564
26.169517 -63.452987 -53.162110
29.697035 -8.329930 62.572527
29.885451 10.713894 62.684694
27.996801 64.550026 -57.626976
25.097733 -70.048255 14.898140
25.642745 70.252186 13.520683
22.631224 -19.579998 -72.342455
22.475337 -6.653116 -72.109787
22.658548 5.970073 -72.710125
22.327491 18.204700 -72.037170
24.010981 -64.601979 28.765541
24.040797 64.191466 27.281113
31.007565 -46.750353 44.937751
31.043375 47.337428 43.876229
29.410262 -68.865691 -33.377447
34.236191 -18.519591 57.955377
31.530443 -53.422799 -61.965828
35.153326 20.826687 58.837175
33.762201 54.256319 -66.847186
30.300282 68.460731 -35.808816
31.268224 -69.919289 -13.306524
32.837373 71.120414 -15.493318
32.743229 -70.370870 5.701444
32.690630 -53.780499 37.120433
33.350054 70.226835 4.148481
32.841631 54.096373 36.000241
38.565456 -28.926200 52.585467
35.025280 -40.634693 -67.778495
38.500183 30.242598 51.811723
35.256461 39.009526 -69.089027
31.231398 -65.645771 21.755341
31.584348 65.580615 20.425275
37.291689 1.304508 59.601533
34.299489 -62.481161 -42.300952
36.919263 64.317872 -46.479483
34.122643 -60.038045 29.908965
33.885483 59.407139 28.324603
41.688910 -38.553851 45.734934
38.473707 -67.647105 -23.905294
35.205598 -26.356782 -68.238441
35.580951 -13.404882 -68.998802
35.216149 -0.201666 -68.562907
35.200868 12.408006 -68.686337
35.119191 24.969164 -68.701619
41.188940 39.003670 44.334898
39.876940 67.899507 -26.227417
42.456002 -8.425176 55.783125
42.942117 10.696145 56.129943
39.994211 -68.777046 -4.501387
41.483617 69.540513 -6.249884
41.138487 -55.858488 -51.831227
42.976501 55.908028 -55.125416
39.300922 -66.594057 13.706967
39.439961 65.900635 12.193992
43.549330 -46.813461 38.108799
43.010360 46.690506 36.586662
47.266417 -18.617952 50.951189
47.384513 20.354311 50.608600
42.190829 -60.391184 22.329598
42.626357 60.455076 21.117568
43.994777 -62.716030 -33.703667
45.295671 -45.017637 -58.664606
46.297784 44.061012 -60.834704
46.431322 63.796179 -36.790272
44.341256 -53.501167 30.408680
46.901101 -66.027639 -14.645342
43.775550 52.872989 28.808364
48.961212 66.981741 -16.748899
50.831803 -28.543508 44.693980
50.458695 29.544091 43.711243
46.679533 -65.384418 4.313449
47.265127 65.024684 2.836748
49.466091 1.225371 52.867593
46.353792 -32.211008 -61.937516
47.315971 -19.743561 -63.197993
47.761528 -6.735887 -63.866701
47.197317 6.147144 -63.364886
47.158080 18.707522 -63.467068
46.288137 30.771498 -62.601667
50.516051 -59.921470 13.527125
50.503365 59.251703 12.123412
53.316961 -37.743239 37.757682
48.452321 -57.006146 -42.523477
53.033978 38.263525 36.679864
50.022235 56.728935 -45.058306
55.104515 -8.498296 48.847662
55.413610 10.556542 48.877147
52.733187 -52.810367 22.242764
53.166049 -62.287406 -24.767168
52.712309 52.592235 20.995892
55.897699 63.427066 -27.349398
53.339094 -62.751487 -5.674310
55.586417 63.851768 -7.347735
53.951954 -45.252658 30.162948
53.171391 -47.875945 -49.488595
55.280819 47.819225 -52.338929
54.295487 45.764247 29.271162
59.986227 -18.620228 43.709085
58.763713 19.784374 42.426555
58.085295 -57.893329 3.639678
59.487771 58.314352 2.371258
61.501775 -51.615267 13.051568
58.447175 -57.641803 -34.402160
56.242143 -37.333605 -55.137095
58.624266 -25.878238 -57.335506
59.522522 -13.163751 -58.263143
59.293705 -0.080101 -58.218661
59.104100 12.455848 -58.201715
58.033760 24.589763 -57.417006
56.447372 36.020695 -56.176949
62.025334 51.638306 11.945991
61.568279 58.635201 -37.390527
62.004203 -27.875042 36.648522
61.194425 28.568410 35.536068
60.295979 -60.085681 -15.511713
63.061602 61.172848 -17.549202
60.465578 1.137070 45.353804
62.585864 -43.826638 21.681121
63.606970 44.580835 20.978686
65.834278 -55.555099 -6.790818
67.869331 56.112566 -8.271191
62.598995 -35.996438 29.316682
63.284432 36.923346 28.762602
66.017614 -8.358977 40.917375
65.017787 10.056176 40.114949
70.188066 -49.680345 2.901284
71.303029 49.855794 1.787229
59.685812 -50.127406 -41.407891
63.096190 51.038833 -44.693846
66.383055 -56.471090 -25.309658
68.556467 56.673247 -27.372462
71.554844 -41.977593 12.271910
73.183963 42.804018 11.553778
69.760683 -17.930128 35.156503
68.199082 18.898612 33.974310
72.925847 -52.360634 -17.045724
63.144936 -40.724188 -47.183979
68.003487 -31.155044 -50.531984
70.414675 -19.317227 -52.276830
74.047857 -6.781362 -54.843665
71.132947 6.244688 -53.055563
70.388933 18.596183 -52.705241
67.734976 29.947877 -51.071244
64.956966 40.370174 -49.343711
74.805843 52.474843 -18.661906
71.080443 -33.890428 20.642528
72.306632 34.869935 20.179510
77.461288 -46.436160 -7.858220
78.477037 46.319706 -9.032163
70.301338 -26.422521 28.110052
70.204747 27.273632 27.442021
69.779677 -51.011078 -33.974052
73.067286 51.699013 -36.612721
69.187017 1.040590 37.144039
79.711229 -39.220590 1.965386
80.419739 39.358893 1.066683
77.727506 -47.679804 -26.799005
79.227658 47.354178 -28.378234
79.460392 -31.313544 11.136981
80.162908 31.885386 10.494889
75.288560 -8.105634 32.882312
73.663469 9.576491 31.990638
82.456988 -41.901479 -17.932242
83.439750 41.616819 -19.101434
78.807020 -23.923782 19.462814
78.560468 24.628977 18.832239
69.823832 -44.061738 -40.473672
75.434798 -35.496424 -43.490090
78.570739 -24.565610 -45.248150
83.991073 -13.069215 -48.199951
88.405000 0.008876 -50.647356
83.179205 12.564231 -48.079302
78.513792 23.808459 -45.787044
75.362034 34.372152 -44.273365
71.846746 43.850840 -42.558025
85.277161 -35.145834 -8.636390
86.170184 35.203531 -9.536879
77.078585 -16.934654 26.685860
76.679885 18.043904 26.140792
80.307971 -42.139233 -35.416222
84.938738 -31.687673 -37.381734
87.458048 -19.488573 -38.527586
92.553552 -6.777156 -40.704584
92.727339 6.791217 -40.933191
88.487809 19.288201 -39.393051
84.495473 30.724202 -37.938806
80.019055 40.857552 -36.276625
86.562488 -28.006992 0.964598
87.467114 28.477746 0.321590
85.798321 -36.886720 -27.286471
90.683565 -25.830732 -28.809230
92.688956 -13.061233 -29.531052
94.356047 0.249608 -30.162782
93.779830 13.234288 -30.151092
90.054289 25.261765 -29.230250
85.278208 35.915671 -27.993747
86.025172 -20.783365 9.911272
86.389493 21.533450 9.458079
76.721051 0.949737 29.413132
89.038428 -30.544144 -18.302228
92.969766 -18.947121 -19.147217
94.411613 -6.161502 -19.557394
94.710132 6.692972 -19.762272
94.608128 19.314549 -19.892211
89.660791 30.403133 -19.130667
83.367120 -13.782316 17.688777
84.542415 15.068911 17.599400
90.847815 -23.860459 -9.229077
93.665500 -12.040441 -9.600688
94.756144 0.488463 -9.837999
94.512148 12.673833 -9.961049
92.116620 24.281502 -9.899622
80.756351 -7.575071 24.478216
80.643160 9.042993 24.249219
91.297190 -17.135204 -0.004230
93.244186 -5.428471 -0.116024
93.266515 6.418276 -0.254950
91.773817 17.788912 -0.408343
89.628615 -10.544554 8.484328
89.846814 0.702495 8.374602
89.614918 11.545970 8.223313
85.900930 -4.446878 15.766688
86.654393 5.880236 15.786156
82.307491 0.862820 22.017089
